205 16 199 308 278 220 37 96 130 27 191 155 87 74 83 61 24 273 228 387 
271 393 4 381 192 298 176 335 119 19 192 9 222 293 214 312 60 120 160 320 
157 175 266 130 141 361 122 134 300 394 242 79 88 292 124 401 172 305 212 211 
263 199 191 218 321 326 80 375 129 290 143 215 77 210 298 226 140 261 51 42 
181 36 80 244 107 104 356 5 329 294 265 387 120 132 51 373 250 266 395 59 
233 294 98 64 88 189 269 236 229 320 159 26 60 211 40 60 195 147 231 171 
94 211 333 372 269 396 118 398 325 313 405 31 213 280 70 370 404 266 296 35 
335 316 342 141 75 48 196 358 272 3 10 330 170 82 35 378 47 19 335 209 
136 176 10 199 341 208 85 98 357 179 80 160 195 274 83 277 381 163 5 361 
194 295 98 316 294 199 279 38 377 125 107 308 272 331 132 300 207 8 398 111 
158 390 119 139 19 338 54 163 11 388 394 2 98 244 196 381 92 186 155 152 
192 85 116 221 249 310 229 381 352 14 139 3 229 234 120 332 291 304 169 260 
50 341 83 209 3 160 274 292 272 111 86 50 377 195 192 219 109 56 150 34 
393 14 105 203 199 188 308 361 280 134 226 395 320 204 295 308 185 136 139 50 
247 274 172 247 169 256 383 86 393 320 220 4 52 48 229 283 402 39 319 353 
297 120 137 131 39 275 64 205 177 365 234 371 365 243 120 161 226 384 148 28 
33 290 247 168 356 27 253 248 388 125 182 91 12 115 148 191 134 209 30 227 
41 342 308 80 99 296 93 301 197 389 284 361 5 237 29 198 94 307 59 218 
70 363 161 174 260 25 28 196 106 361 344 283 319 388 223 63 109 119 164 230 
384 103 77 368 257 226 44 361 16 74 218 286 286 360 113 87 304 321 300 118 
