823 5443 4843 678 2811 118 4047 2424 2334 545 4220 3618 4365 783 2188 4905 837 380 3119 398 1717 2148 618 4557 3488 838 1704 3228 2008 3732 2191 3250 160 97 248 3619 2183 1412 2247 2277 1383 193 5218 4031 2131 1293 1415 1994 2992 4331 2976 3972 2373 5528 3578 4603 879 1241 4961 3514 5499 2401 4520 2189 1176 1532 1239 4872 631 4216 4113 1872 1033 338 5064 
230 480 648 5090 2844 2812 879 425 1432 143 4034 4244 1118 1602 2995 2519 2659 2010 1555 476 1887 2325 4129 1361 4515 3277 5560 1204 5266 4276 3218 2126 788 1473 1799 4216 16 1701 346 3993 2707 411 3173 1894 410 514 2877 2405 3091 3454 2892 3604 1204 2403 5034 4415 1286 749 4926 2935 4018 4148 62 168 5056 508 5252 4273 1629 1767 4722 3620 4761 2500 1156 
843 1067 5378 5121 153 2436 2032 4414 1121 3583 250 85 4343 988 1578 911 3242 4480 4160 4833 3989 3479 4205 1625 3620 3393 1310 12 3231 5444 5265 2894 1091 3378 999 2097 3455 4575 4402 4117 1070 1146 1856 327 1893 2933 1571 1143 2115 1912 112 65 3196 4805 3774 3041 1723 3713 2879 782 3584 2302 4985 2025 4297 1196 308 3312 5400 1221 4997 4564 3899 1556 2915 
4324 4786 3349 3701 3576 364 4225 4266 4699 2982 500 3340 2749 2327 4627 3278 2373 2252 4385 2233 3955 306 3459 1395 4789 4540 1315 2296 747 3100 4547 2571 554 2715 1690 823 1264 3128 3535 3369 1435 5411 4156 4810 2377 3405 4903 4460 1542 2964 2728 2215 1370 4349 4708 1845 3871 1820 1189 621 2981 2701 1424 3359 3077 4651 741 313 1404 3623 2083 1251 3659 1845 3906 
4808 1200 3481 4307 4909 241 4756 3233 2797 2023 5494 5002 3374 3828 4279 796 601 1751 4871 3220 3610 2209 4918 5211 2821 588 1998 3151 2009 1914 2809 1553 3492 3018 4652 1238 2758 5483 176 4086 3130 4963 1616 4346 2668 2989 3237 833 3236 1482 3084 1751 2587 1528 3509 5012 2036 510 4793 23 2133 3150 2978 3145 972 2876 4633 190 386 1572 2058 1183 2710 3840 4734 
5014 5288 2563 355 4421 134 1748 4556 1420 1869 958 58 2464 891 2774 480 22 5344 1370 4953 4960 3564 199 2751 4817 5413 3150 1645 1745 4664 5526 3488 540 4617 4310 4156 2799 3456 639 4773 1126 1987 3974 1527 3782 2600 3775 565 2781 5430 4181 723 2312 1802 3768 3200 2781 2550 199 5608 2499 4317 2382 1062 2319 2946 3627 1295 2819 2999 5614 1073 1425 3656 4470 
3596 1699 1309 1491 2614 1169 398 2340 1892 4557 1888 2477 110 5072 1045 3152 5427 4414 4606 1960 714 4455 2968 939 3421 4847 1523 4631 4695 262 3020 335 1957 278 540 630 193 365 4927 2293 1159 2919 5429 4755 294 3930 4464 1886 555 2804 1604 793 2489 625 3465 5000 2246 321 4499 4650 3350 3893 1684 5407 516 3209 116 3957 5232 4188 3726 4287 2241 1689 1864 
5416 2230 4989 1257 3814 2374 445 5505 5030 823 4469 2730 3661 1927 5167 2583 3380 2934 4003 1762 5171 3930 1975 2462 5316 1217 5046 4119 525 1544 2974 2743 1522 1046 2870 1266 2182 4653 1679 500 716 4085 811 5628 3051 3072 5000 3662 2410 577 1350 3444 2257 4101 2655 5254 307 2176 822 3641 3727 630 4253 5279 849 1331 5233 578 4923 4921 843 2848 2475 201 166 
4559 3753 4137 3282 2746 2415 1045 2339 2079 3841 2671 2311 1529 727 4517 1616 1106 2770 1729 5141 4370 4774 1388 3935 653 3180 3826 4593 2071 1710 2925 923 4271 1181 2736 461 5185 3095 1369 3286 3817 2075 842 3015 2578 1522 838 490 3123 529 4526 323 3429 2917 1442 1786 2617 5607 976 1593 3315 805 2776 1827 5095 962 1472 1154 5312 631 1066 5301 2201 1994 1839 
5418 1845 1051 3622 715 5072 4602 3052 3281 699 2024 1182 1332 1808 3091 3938 248 1515 3682 735 1347 286 2496 1181 2194 665 4695 4385 5619 87 281 1373 1303 825 1783 2371 3579 2388 3615 4890 1817 3489 1120 918 4514 111 2429 2615 991 1032 544 5065 3961 1490 254 3503 2593 5454 890 3989 1900 247 4980 2908 3362 1994 3435 1602 2497 3624 1486 2459 115 688 5052 
827 2392 2501 1911 353 2464 5466 136 5571 2921 3615 2672 3202 2931 690 5554 3839 1325 5593 3858 1166 846 1697 96 1972 2467 180 2311 5324 3975 4482 2455 2431 116 2113 5366 2476 3576 4039 263 2729 2064 690 3939 994 2725 1259 1423 2374 3891 2991 533 4792 576 620 3804 238 5230 130 1719 1075 644 2822 329 4146 3187 422 4266 5323 2284 3024 1476 3164 59 4625 
3956 4161 5628 2407 87 743 5252 4803 5603 894 5352 3245 4211 3754 3323 4860 1616 5076 2968 2553 4680 2750 815 94 1787 412 1096 2906 3650 397 2389 4680 5124 1925 4730 1589 3866 3245 2139 4836 853 3006 3514 4208 3579 3843 1928 816 4313 3074 2003 4449 64 2469 4596 4601 4293 2097 1956 5330 1491 5045 3494 722 135 1172 4508 93 4811 4587 1339 4209 5262 1433 1562 
2071 32 1870 2072 339 3851 3116 4403 3669 1696 4368 4679 692 5113 2277 2723 3993 458 3622 1181 4582 3645 4055 4616 3020 5479 4388 871 2096 2404 1676 4970 3533 3754 5404 646 5627 1680 3025 3727 1399 3152 1754 1415 1357 792 2121 5581 2256 143 4624 1874 3822 1628 1331 1033 4574 3164 3471 4036 567 1958 4285 494 1198 5591 940 2126 850 5500 2475 4654 3769 4541 1267 
1202 1595 3781 5222 2863 2161 3 2933 1333 4781 5044 3629 1657 3773 1572 1369 4982 902 879 5612 2079 2024 2990 4003 2497 984 3074 4671 3507 3486 3274 5566 342 5008 289 2477 3587 791 2547 4469 5412 2081 2751 2635 618 5516 1594 2364 2717 3381 3256 4982 5576 4811 1974 470 1875 1367 270 1776 696 3859 757 3303 1632 1012 3206 2601 903 1231 4358 3615 5589 1171 2173 
3817 426 2191 2454 1123 5004 5574 4220 4781 1205 249 468 4955 719 5130 118 3584 2790 2486 5464 3319 355 1694 4998 5082 355 1259 2107 2259 3467 2971 5262 3153 1597 672 677 4670 4299 4866 1875 808 216 770 2863 2881 4599 1662 220 3585 3761 1861 3288 1848 882 1482 1584 2453 4767 2064 730 1833 1041 4835 2469 2727 3892 287 2327 2336 2209 2930 4944 3186 1030 1327 
3001 2793 2209 1651 2250 2326 940 1418 4273 128 1766 3767 3951 763 355 3088 275 4162 2350 301 5206 2488 2629 1269 2877 3011 5485 1361 1037 3799 4522 240 2813 4710 4053 2732 4889 2030 425 5592 3044 4222 2966 3636 376 1579 3697 311 5490 247 2125 5031 1226 4316 4301 61 4255 5249 4810 358 1963 3277 708 4064 3412 1240 1785 5442 2746 3993 2764 2437 3705 644 1189 
5004 3894 3961 117 5457 4616 2269 5212 4693 2538 3597 2876 4347 2581 903 4982 5441 4184 5519 544 4062 4406 1141 1626 1104 2975 5339 5005 1229 5146 5365 1783 2943 1400 2018 2501 3574 2522 5113 590 4323 2070 2765 3097 1839 3609 3896 4830 40 5629 3207 811 2355 471 2721 2030 5203 95 3476 1935 2078 4598 2145 4871 4461 3578 5626 1643 3810 659 5420 977 5597 3722 5033 
3300 732 5128 456 5254 8 4214 2557 2926 3657 1764 263 4482 2082 3375 203 975 5324 3802 4085 2510 2594 3723 4668 3598 4717 3225 3416 3544 5174 2157 248 3647 4341 242 2606 1704 4460 4782 4417 4879 3875 3936 500 426 3388 5461 2462 371 1108 1925 1645 4148 1874 4347 1575 4520 5435 4789 2653 2785 5021 2919 5408 1278 2735 1606 99 1953 1651 1502 4848 3742 1471 1273 
1058 1100 4128 1910 1143 5366 4660 4654 4631 1424 2626 5188 5282 5140 5463 4444 639 4225 3611 191 4372 4024 4337 5493 2028 2680 1733 5336 1414 2354 5033 4003 1230 541 1925 1043 4321 1217 2287 5238 4568 3807 958 3674 5551 4162 3823 3817 2099 417 3251 1976 5348 5418 3761 1873 5253 2275 287 1106 2618 1593 3670 3711 5233 1328 4206 3294 2975 1590 4888 184 2264 5143 3223 
3911 1308 1139 3211 908 3473 1613 956 875 2704 1584 2328 861 436 4817 5044 4612 409 3263 4453 3325 976 1867 3027 3246 1478 3434 2058 283 119 5312 3170 392 4192 1671 2029 4547 3182 5549 161 1988 868 4269 5290 2518 3133 3541 5182 3378 4755 3958 1889 943 5039 3911 2101 1466 437 4460 1761 1797 3353 2807 1709 1797 4527 2051 2237 2739 1211 2354 702 2252 3425 1327 
5068 2136 3747 1308 170 4039 4447 5277 1176 3542 3328 2607 4907 1469 982 2028 4041 1466 1800 1571 1719 3579 2796 4710 346 2868 1424 5004 4287 5253 2423 2954 5365 3804 2523 3412 2866 766 4934 879 4406 5263 1020 2289 4241 4973 2456 1751 1428 2982 2612 3494 2121 2515 925 3578 3926 847 5074 599 1095 4244 4206 3671 4670 3413 4992 2549 1 5528 1288 4844 226 2708 3659 
2248 1723 2651 3584 1662 3014 1090 3492 731 2524 920 600 3670 2741 3252 5099 3259 663 3030 3407 1912 179 2834 2172 4225 2369 4354 2501 3309 4777 2424 5600 3612 5320 667 1419 1445 3933 1954 1632 4899 1172 4079 892 1605 846 4825 2127 118 1494 2859 5280 5357 1904 2368 1217 3322 473 4851 4716 3973 345 4596 4891 3886 2831 4151 169 4802 3487 845 3180 3793 615 2165 
4951 4375 4050 5002 4398 5471 199 2956 1402 1484 3320 4990 2018 5031 5084 3868 5259 3584 43 1133 4638 3948 856 1824 4365 1158 1326 4801 5063 1350 4978 4685 559 2620 3114 4715 105 1012 1592 3489 323 4427 3880 3705 5448 373 4601 5036 3190 3342 5282 4412 1972 2248 4030 4468 4535 5044 3471 5195 4240 2542 5335 3437 2469 3674 3564 3959 3263 988 1010 3291 4066 1805 1077 
5600 1716 4988 2981 2846 4134 3382 281 686 2555 4835 1167 4701 4831 1493 635 4594 1416 1833 2447 428 4424 1760 5479 1812 4003 90 4268 2625 2669 1019 2125 4142 3237 3096 89 1762 4614 3187 5349 3648 2688 4280 4643 1006 2527 3320 55 5303 4729 1768 4721 5490 4752 2902 1090 4560 1366 2182 3782 264 3002 742 5365 4848 4893 1676 3026 3147 4935 1258 1654 874 3846 1803 
895 2527 1335 5153 4747 4847 3637 3807 830 4002 2623 4708 4713 3965 4229 5477 4529 3540 3668 5572 823 3520 104 4637 502 4151 4136 714 4742 1731 845 5052 4528 803 3597 829 3963 2536 5561 717 536 4921 3580 2966 2708 3766 3435 3513 5547 712 348 1431 5225 2037 1980 3347 3480 1671 1465 14 3674 634 4221 4675 477 2754 3085 5455 1022 5547 3415 1627 2213 1216 1561 
567 5201 4855 522 5518 824 4547 2257 2939 4346 3666 1793 4621 4890 2989 104 252 1801 2716 2669 3240 2854 694 4126 5264 1017 4434 5518 2508 4478 1297 3727 3516 4260 4897 3584 100 5224 3472 3322 4753 1423 1 824 1877 4701 2840 3648 895 5208 4894 2627 3359 5355 5429 3802 5445 5204 847 337 4940 1983 4816 267 2922 4944 2713 3675 5468 604 4834 804 633 2486 259 
3452 464 2157 3749 2432 2821 3210 1558 1117 2750 4109 219 5333 3688 3943 429 4202 5620 4893 3054 3692 1825 4506 1916 3319 3757 4930 3827 1005 4238 3625 2219 201 4651 5550 2538 573 1121 524 2537 313 4185 401 5477 3783 3042 4460 2113 2480 1392 3822 1796 4801 1788 5453 209 303 2126 4420 1274 2304 4274 3548 2027 949 4127 3092 2833 2756 1346 896 5237 5069 5486 4493 
4500 2944 934 114 667 2013 3500 3611 3325 3506 4701 238 2599 5258 4367 3634 2778 2475 5257 2687 2876 3413 3937 876 4616 4649 3101 1129 913 932 689 4776 518 3605 4748 260 3064 3430 2683 2641 185 2654 2088 3259 5281 5472 141 4255 4966 3920 4908 1824 2172 3707 3898 3735 4524 2634 2571 1073 163 4516 480 2024 4094 5503 5042 852 3060 1892 3787 3757 3624 3906 3329 
12 4795 2000 287 1153 833 5129 188 3520 1851 5554 1082 440 1991 3748 2724 743 1403 5369 1235 1685 5330 3979 1635 1679 3359 5067 5094 1648 2655 810 1985 1650 4771 2918 1065 1259 753 3738 3910 5512 3774 980 2417 5597 3459 2784 18 4597 2122 5578 4515 285 2572 4626 3429 2350 2770 1160 1656 3432 1343 2265 5377 129 460 3474 371 2952 3390 143 5422 5032 1523 2159 
4145 3057 2184 3788 1568 500 849 1007 5082 4860 3921 4656 4308 3423 777 4971 5238 246 4185 2638 2321 2801 5374 3745 1907 1371 2377 3647 657 4443 1612 1823 2565 2965 2470 1099 2667 4042 3433 4738 1558 578 3278 4667 3980 1526 360 232 102 4864 4273 2807 379 1326 3963 1266 2584 3703 3444 4027 2690 360 4477 4218 748 3941 331 1633 3909 2189 3596 5476 5015 2536 4406 
3442 4500 114 4507 2179 2708 1295 4968 4468 1768 1655 2166 1181 5307 1125 30 2449 4505 3330 150 1212 4421 1902 1393 3778 3135 2354 4280 2209 2955 972 429 2699 1769 4508 2298 3185 4154 5336 791 3285 2649 40 2466 3223 3612 3808 3559 3907 225 3605 4434 4005 2550 5179 3177 2601 3673 3295 4445 2997 4468 3398 1391 4641 1817 2871 5526 5218 1101 2746 4778 3373 3992 3419 
2104 2954 1259 45 483 162 5629 3775 2478 2678 2605 5186 1392 2504 5003 2937 1504 824 2774 3016 1603 912 5065 3545 3704 412 3415 5316 172 1879 1009 3445 3053 632 3213 3652 2857 402 1587 5553 2119 213 4742 202 870 3132 4461 4530 1787 636 3612 13 3580 1557 579 4885 5470 685 2700 1098 3247 4935 4472 1051 1555 4814 1569 3422 4038 3215 3548 1940 1606 4800 4908 
5163 3702 5094 3162 3018 2077 4165 1502 3462 829 4058 49 1609 2735 3609 3949 2603 1311 610 1131 3130 5011 3679 1678 5523 1899 1150 2437 1452 700 1563 1276 3401 2981 4652 1075 3121 4399 780 3752 4475 2191 815 4793 590 2839 5186 2934 1347 4047 4585 5363 3036 1939 1088 1033 2318 580 1787 4895 2969 2241 787 1490 2016 2943 241 3390 754 3144 2057 1979 767 3421 209 
2621 1825 1335 5359 2747 3538 143 3460 3350 2178 4452 3849 2759 1632 655 2904 2684 3219 4400 5063 1659 4978 4388 5429 3329 667 4708 2126 5159 5289 4370 1841 748 1559 3502 699 2079 697 5083 2954 4152 1962 902 5531 1114 1548 914 641 2238 2827 2820 4696 451 1109 457 3858 1313 2841 4955 2904 4178 3464 2340 5564 4566 5563 2449 4331 2783 3349 5320 1161 733 3199 2174 
2120 3352 362 5453 2497 3425 2884 776 4715 1400 2076 4497 2837 5299 2734 5530 2547 21 1005 3222 2669 415 2110 3405 2851 3613 1337 4107 2963 5427 1568 1538 4552 939 1546 2791 3760 2176 3399 1687 3685 4189 3469 2712 4743 4370 3809 2395 2399 3802 2704 5486 5044 4257 4721 4271 3640 2841 1784 2452 5169 783 1887 28 1825 3941 1127 3285 4099 5028 3555 5185 5205 4555 4309 
205 2232 2505 3866 2556 427 64 3035 3964 4077 3766 3426 4996 350 4957 3542 1500 2023 3884 3545 1049 2719 90 5477 4783 3002 1262 4910 1301 4921 2685 4911 910 5022 5258 1828 3224 4177 2178 5434 3408 1901 5073 3266 5097 876 5165 4416 3480 1566 4709 527 236 3120 1568 5365 976 2303 5187 3621 1538 335 92 4934 2216 5523 4680 2086 2376 1023 5006 3931 1593 2779 1850 
1147 87 3747 1800 5227 3349 458 5252 1384 1320 3831 3467 2602 268 4109 561 309 4345 5288 1404 1572 545 5373 758 2655 3666 1284 1170 5090 3502 782 4140 3472 2836 359 3802 1119 3181 3492 1575 2888 3869 2827 4768 3169 1416 2873 3059 2598 3343 5570 1442 3677 284 2488 5530 5518 2447 5082 5108 1990 4025 5444 1212 5435 2422 1562 3894 2399 3454 4469 4133 2832 3006 2391 
3894 2625 3987 301 854 1096 5168 3483 3418 1689 3567 381 604 4706 2234 3605 4878 3729 201 4582 1315 4773 3000 2581 1828 4531 3433 4581 221 5094 1106 2657 1849 1842 4339 2999 4254 4090 5250 4389 3583 3438 135 831 1299 2701 5212 4710 4826 2305 5177 4241 5243 5277 2191 1993 5034 4513 3180 2547 1412 3947 2095 1395 1321 5222 1318 3020 5364 5597 2791 2066 3883 1100 1195 
3186 605 733 1759 4389 1226 3540 1359 2865 4690 1706 2653 3242 93 4438 4979 4146 5109 1082 657 165 5564 2559 2233 4717 174 798 605 1399 728 3262 1328 2243 4590 1951 1751 3133 962 500 3231 1120 822 1208 3442 626 4382 5597 1134 1493 3411 4759 3511 555 2351 2563 1905 5471 3827 3383 2426 4066 179 1551 3203 3635 3184 2899 3818 5283 2537 3534 4644 699 2652 803 
4244 3481 4095 2785 5106 2524 3516 2301 3061 5482 2267 4670 4246 5148 2761 2624 5429 2848 2354 2067 667 381 1843 4012 2066 1691 5526 2146 5576 1971 5617 3979 939 5113 3295 4240 3796 1871 2625 1824 1790 3121 3274 1257 2393 313 1939 5118 3114 2358 3008 1543 332 3273 1442 1972 4521 5277 4149 2839 2483 3080 878 2032 4708 1998 4259 4131 3113 4200 1640 1730 4097 5258 3838 
2698 2731 1938 3651 1076 2605 3546 4753 3353 3125 5610 4237 3236 3880 920 4089 1093 2373 277 4701 2127 3962 120 1739 1560 5426 4536 18 4279 4553 988 4120 5150 5208 4193 2692 3937 3982 4038 4603 2304 5165 5098 3813 3407 1198 2188 5041 1086 1335 3167 3719 1204 1012 4100 3244 3127 3720 157 2327 4792 1721 4854 5588 4212 3675 2742 4842 333 3186 3637 3561 5206 4468 3049 
1730 3528 4312 3183 2039 5011 5182 4079 1963 529 1839 296 2429 1451 5328 3787 4529 3939 3228 1966 5056 1153 3953 368 3741 4468 907 5224 1927 1272 862 5580 3571 1115 934 4060 2638 3046 1320 3800 5561 3593 1689 1486 545 2492 2047 2774 2465 5398 4611 4503 3933 5050 440 1354 622 600 2600 4710 149 2830 5549 3205 3510 2081 5454 3926 2369 4176 807 4306 2007 5457 1116 
4299 1875 1188 5071 3688 1340 2071 1812 4812 1998 2933 1887 5353 16 4247 5389 1583 3066 4720 4466 2291 4956 4533 3124 4891 4009 1292 743 2714 4467 2309 2090 4277 3646 3225 2165 3736 2190 3514 5421 5510 1285 5171 2874 4484 3227 3740 226 3740 4675 4214 1971 3442 326 4381 1665 1599 4382 1552 2344 555 2241 2440 114 4037 2701 3769 3552 4167 1645 2557 2789 3749 558 3653 
4197 5471 560 5530 4399 1350 5334 3683 591 5594 4663 4090 2605 4366 4756 4011 2809 4269 4401 1769 4827 3871 2388 4327 2335 5568 366 903 5579 5414 4641 5407 5318 3460 2267 3461 4509 3852 2555 4513 485 5064 5415 4870 5566 2934 5146 2815 1506 2734 2737 5363 1192 3822 3642 3542 4233 1617 5225 3862 4286 429 1701 5178 4267 5113 3479 5000 1521 4172 1848 2451 4124 2582 5157 
4199 2826 5231 1470 4965 2494 2475 818 1533 4180 3515 4646 5173 3245 5423 1610 3926 2403 3562 4875 893 2796 2179 5009 4986 38 2780 1083 4524 3606 2868 3503 3820 3956 3135 5571 461 4234 2151 5274 460 4067 5490 4776 4880 2931 3757 2652 280 384 1013 3907 1058 2269 3452 3018 2854 2510 2106 1718 647 1043 3362 5571 1075 2610 4060 2790 3665 2703 2830 4034 1775 3839 4272 
4943 4963 5219 773 4000 2050 5581 1920 3741 5026 3405 314 3265 4778 3443 2978 5057 2884 2852 2736 3343 3372 2272 109 1911 4964 5069 5127 5171 1255 1519 697 4178 4602 2206 738 5515 978 4350 1581 1955 1215 5094 3926 5299 2361 2125 1935 1628 634 5588 3362 5360 5511 624 4125 3519 5009 4209 4068 588 1120 3177 2007 361 5025 770 3837 1087 783 2888 162 2993 657 703 
2333 5218 4877 4393 1554 865 5064 4068 2426 1193 3917 3971 2780 4544 3683 4348 4642 5564 4717 2928 183 1000 4049 1447 1008 4127 772 2883 632 67 5169 960 2690 4898 1412 1428 3024 4602 431 1006 5149 3183 4255 4021 692 3860 1975 3215 4402 342 5351 4171 319 3114 5182 4387 5437 1239 5423 4423 3488 3149 15 194 1625 2176 4512 2113 360 1504 3865 3278 1923 1483 1763 
3410 4941 329 4958 2543 2579 2375 2507 419 337 2955 4844 3953 3032 1134 4094 2025 5475 4973 4097 2141 5075 1909 2732 4589 4923 4832 4201 1038 2684 2874 5556 2952 3294 1516 436 375 3936 3145 2579 2249 2125 232 3637 2806 2113 5250 1795 362 833 3919 2872 2439 553 2158 4642 4505 5084 348 38 5276 3656 46 1541 376 3256 4911 2064 2044 2905 679 4283 4677 1565 2859 
2674 958 4488 2613 1172 4215 1793 5142 238 3044 3306 4983 5433 5234 5062 849 3367 4765 3899 174 1471 946 2440 177 1242 2181 3046 1183 3794 1851 1664 747 1558 3105 1740 1140 2649 3515 5623 3957 4272 3701 90 1001 2026 1501 158 1232 482 4328 1484 5197 4722 784 3006 5266 79 3106 2313 1500 5066 4447 4454 2554 3185 3439 5487 2469 2215 149 512 2767 2340 1066 2496 
1532 1423 1651 5559 3162 1956 243 4062 5089 4146 644 5426 3574 1709 4719 1405 5548 1120 1875 563 1947 1056 828 24 351 3980 742 574 2638 1595 1169 1015 4696 4577 375 3955 3381 5001 927 982 894 4902 4021 1322 3267 5621 1161 4550 3926 4671 4894 302 5120 816 2779 1086 1146 3759 393 3571 501 1395 1246 927 4643 3522 61 5017 5140 3109 4478 1824 901 899 2046 
673 1009 3056 5221 5084 2167 1542 347 5282 1647 3425 5090 769 717 3066 3950 4006 55 3948 189 1622 4460 1920 1255 2369 2001 5145 1761 2757 384 4388 3307 4089 2465 3312 2160 2975 3903 2683 1176 3073 2906 4323 5602 5089 3124 4628 3650 1984 2490 4759 2469 2949 2652 2579 2086 5109 2731 2902 563 948 5365 667 3814 835 1577 2921 3081 5170 2884 180 535 1061 1595 1362 
5300 4048 2032 2169 36 431 3620 5332 123 1618 5346 1560 2419 1374 4861 880 4602 4722 5573 2375 108 4274 1064 4081 5610 5408 871 3113 3095 2973 1438 2932 1888 4133 2571 587 2804 3760 3372 3964 96 3654 2624 2743 797 4758 2692 5064 5270 1383 1219 569 3497 4805 2621 3724 421 1568 360 5336 3943 2676 2946 3272 3465 4150 3359 775 101 4168 3229 1823 5385 5186 1821 
5384 540 1847 5396 3462 1498 3249 5353 4591 5072 2635 5503 4799 1341 4576 1883 4450 5111 629 2600 4708 1951 1479 2167 294 550 1736 703 5470 2688 4256 5430 3518 707 2032 3560 2914 1848 164 1596 5055 3207 2291 2010 2730 1111 388 4944 5369 2964 3634 3091 5449 3160 805 104 738 1985 3389 1234 4439 1611 4602 1562 28 2038 547 3165 4780 2677 4202 2567 3129 1636 3058 
4947 5210 2274 2809 5313 3384 4300 197 571 3516 3534 2515 701 730 23 2562 2713 4117 2766 3214 3699 1949 1257 1121 2872 418 1221 4502 277 281 4869 3014 5038 3110 3965 2537 76 1804 1167 5119 1675 384 726 4202 2644 4531 5241 4098 3161 2586 2294 4759 3306 2908 1924 2957 4543 4434 3457 1687 5385 2383 505 4923 249 446 974 2832 622 2416 1091 5273 2461 3508 80 
2187 2879 2356 4493 4889 3115 4202 3102 5361 793 2682 5193 4189 4737 2460 5146 2106 4132 3980 2816 5421 1272 3021 187 174 687 5608 809 945 2318 4304 4163 4628 185 4992 3041 886 1504 3308 3521 3379 0 2645 2688 2642 4097 3858 1184 4734 2753 3972 2183 5482 2203 403 3425 5581 4 1250 2391 4254 2508 4244 1059 589 3608 5009 4601 3559 121 3716 289 4192 4258 3665 
4892 1664 1098 3094 2673 540 3177 2348 2219 4861 1823 4961 250 3234 4727 4199 3195 5446 1381 3004 2361 2812 329 3110 710 1757 3929 5200 2396 1708 2921 5251 3337 5134 4854 264 110 658 1664 4740 5185 3825 416 4335 5430 4664 1251 1590 1822 3289 3366 5083 105 2345 478 1830 2938 2009 940 4569 5284 3539 4499 3398 812 1351 1471 4405 3350 3084 491 3097 2097 5267 1026 
263 5334 4694 189 3087 5484 2120 1133 3709 2760 4195 2744 2039 2020 562 1991 4771 4377 4964 5093 730 4040 2852 67 1652 5027 1036 5 453 5583 2534 2254 2422 1617 3896 400 2947 3018 310 3971 916 1332 4031 1045 3230 4997 1699 3363 3761 83 4677 5067 4653 1681 613 1984 2587 645 3583 5331 1158 2182 1232 3999 5038 2026 2417 4090 5340 4062 6 4112 3528 1807 5426 
4 4211 1790 1653 2690 2936 4158 1012 4280 4053 1675 2497 1531 1167 3482 5592 2120 5598 3553 3795 705 1246 4496 3067 3209 3766 2713 1306 895 2306 3506 524 3592 2725 4273 1683 1058 3171 348 4226 1246 4982 1779 2872 124 1192 4024 3919 1400 2638 5139 388 2851 591 94 2516 4361 1609 1168 1617 4267 5177 3086 4059 767 1797 4911 1482 4685 4440 1147 1883 600 5123 3540 
206 930 4998 4495 4976 4692 4458 246 3442 2251 4422 1645 5316 3045 4215 420 4884 560 2073 3717 342 4661 1659 2909 4952 3322 2970 4509 5575 430 2554 892 2296 4483 1307 3235 1003 2802 990 3926 5153 1603 3428 4243 1881 3205 1952 3140 5122 5178 73 1258 5038 3134 2022 318 5232 395 2353 164 1063 4548 4994 5608 514 5498 832 2866 4709 5352 4825 4197 6 3826 1604 
642 2371 1396 1356 669 2615 729 4851 1445 2743 2133 4213 2634 3136 3792 2317 2377 3461 1060 476 5379 3539 1762 1569 4405 817 2749 3750 2734 494 5361 1692 1701 4443 1165 2294 371 2060 3160 570 4781 3221 1933 3612 1668 4239 2876 2407 3939 3414 4252 1570 912 3481 3867 4465 5332 1948 135 4541 4773 1752 2665 1775 2526 494 3603 2466 5077 2826 3397 821 3393 1297 241 
947 1608 5429 1058 3611 4903 5020 4884 3985 3429 2302 1690 3488 788 2595 3721 1637 2408 468 683 5459 1301 3480 2095 4157 2043 3141 5436 4424 3601 2262 951 1230 5159 2029 4926 5158 5403 3273 2434 3433 2563 1894 86 2920 1742 2047 1522 4467 2886 3482 1713 2877 2088 1864 1610 1787 2306 1204 1766 4450 366 5565 1175 2654 4593 4644 2790 5629 132 653 3021 391 2897 1482 
1733 2445 1471 553 3661 5406 3694 16 3633 5060 657 3669 2930 883 880 1170 5532 1368 2036 5482 2542 4394 1286 4828 327 835 178 5455 1050 3148 2084 938 4098 3324 4627 5354 2674 3051 2090 4386 4183 2552 1693 2069 2006 4676 425 2959 3945 4972 1408 3189 5087 1281 3950 3422 2451 4016 2025 4144 4615 2401 148 898 1556 827 720 1547 1145 5209 5055 3069 3528 250 5574 
1444 644 102 5351 4503 2772 5438 4299 5525 4075 4849 4914 5222 357 3864 3430 3626 1518 729 1080 2969 3585 2891 2988 3769 1686 4652 777 4786 1869 2639 4576 3281 3394 84 4908 4499 2234 1030 1175 2273 2762 4987 3628 2067 1895 5345 3666 2180 4605 4315 3650 4458 5490 4788 3160 5529 734 1218 4984 4453 2277 2479 3695 840 3889 678 5124 4590 222 5288 3625 1227 5016 2044 
4579 3768 2949 226 4656 3331 1265 857 1167 4469 5129 1956 3721 2288 552 785 156 1909 3894 321 4621 4092 5387 4496 3590 3240 1957 3171 4297 3274 5002 3350 1716 3602 3683 3726 262 4038 3342 1685 3810 5397 5269 2286 384 1152 4279 5035 5402 5230 2818 4555 1930 662 1736 4569 2617 906 2762 4419 5251 1420 4252 280 1556 5227 3886 1013 2114 871 4793 3282 3188 5418 3458 
3371 4150 1935 1657 4401 194 3939 830 3489 2460 3827 5507 5516 776 2481 2760 1199 979 3231 2791 1689 2410 4017 4115 5206 3270 1108 2157 2534 1078 572 4680 4979 433 4809 378 2305 2199 4729 1225 1033 2093 11 4613 287 1736 884 3174 3833 417 2425 1035 5591 4892 380 3752 983 1183 2054 3049 2480 841 4052 3123 307 1484 4131 2117 5629 5102 4232 698 26 1694 4550 
1366 513 1231 5120 1183 1277 871 1140 3150 538 600 352 1317 219 2913 3105 407 5068 2083 328 4842 4749 3975 3331 516 2667 3143 51 3087 796 3343 1221 1265 2233 1305 5508 2427 2731 3241 281 2875 1624 5531 2208 2610 2688 5233 2813 2156 3659 5516 3705 2833 4032 923 2236 2597 628 2705 2879 5224 2628 639 1296 4410 1525 3268 1838 2542 423 2692 1527 5048 731 4672 
1625 5081 389 3087 509 1450 3175 132 2514 4250 763 770 226 792 1193 4969 2830 3951 3420 5103 3577 3948 524 2444 5342 221 375 3401 4980 1428 2948 108 939 3895 4921 3742 2964 1926 3382 3461 1956 5348 1852 4927 4675 1401 1697 441 4079 2441 3563 1291 3919 4337 1148 872 5196 4993 1389 2120 2155 3417 2156 3532 2101 2075 2007 4854 2363 5476 1597 3404 1133 5550 5511 
3203 5100 2523 4345 2832 4698 2936 3861 4143 1291 2088 3696 4640 3327 3595 2698 4340 1915 4756 5450 2118 5287 1567 4791 1516 4381 4664 3525 161 427 4631 4485 3844 819 3568 1118 2757 2393 4779 3123 3166 1644 2305 3033 5434 3608 2397 3151 1883 2794 466 152 4645 977 4181 2567 3299 2489 3236 471 1238 1422 4661 5371 1737 1584 2918 3102 3332 1023 705 5075 5597 748 2906 
5474 2033 5097 4905 4069 1971 2600 2091 3464 5277 187 1261 5260 2919 4461 4127 1918 5495 3746 630 3141 4852 1233 3403 555 1456 3260 2342 3741 3977 896 5065 3584 5023 1581 129 1869 77 4932 3788 3930 727 2335 3836 4776 4215 3818 1852 5302 3422 31 1284 3281 5573 4789 2851 4695 3176 4276 4781 4069 3128 461 2189 2878 4831 4885 4924 2022 1638 1301 3005 3619 5193 2169 
3092 4520 5086 2039 4424 5407 2103 181 1058 5232 5392 3282 5450 237 353 2003 20 1637 4426 5148 2836 3112 4115 56 3492 3213 135 4036 2185 3967 4652 2044 2768 3878 2600 2587 2121 3637 4112 1601 2437 4861 2735 2435 3918 1078 1167 4425 3143 3522 4905 336 1778 4073 655 5415 209 3174 4421 1459 1819 4196 2401 301 850 3376 3495 4113 4813 3404 3752 2304 1657 3884 3189 
4433 381 1508 320 4499 3181 3077 2039 2110 2548 3602 841 482 2994 3272 566 2827 2756 1124 1230 493 2214 5581 3905 4124 5610 2543 3982 1722 904 2698 4265 4804 424 3156 5241 2919 3003 418 3390 2866 1436 3939 2030 2995 2119 5127 911 4101 1000 2587 3709 4407 773 678 3847 2943 456 5123 2676 4046 3447 832 4925 232 2483 1225 5322 1290 5468 3420 1923 4746 4843 4288 
4733 2883 5384 4368 3662 2666 4421 4891 2206 3989 1190 4379 556 801 244 2037 1273 1727 3461 4074 79 2199 1883 2857 2980 9 2602 3521 3841 765 5540 4833 976 459 692 1059 5350 3716 3134 5594 4365 4249 2664 5549 2494 3927 988 5031 981 4065 4389 3000 3082 4058 4534 3009 2521 2516 1771 2475 2257 3249 3950 459 2986 1963 529 3173 4565 4245 88 5353 2117 2356 3714 
5539 2228 3863 1875 407 3663 1793 4064 2883 12 2341 4133 614 2012 1406 3004 1180 1652 370 1537 4323 1548 1585 3389 1895 4935 5163 4839 762 1967 164 3846 294 2693 3664 5415 114 5338 2242 322 3297 2678 5523 1515 3013 933 3114 4196 2068 1509 5299 2254 30 4443 3483 5251 4271 832 404 752 3747 4090 640 1143 4274 1696 969 3131 2591 4746 2368 4111 3173 5565 1523 
4086 4873 5183 2106 3271 1673 2413 1546 4223 4592 1898 1468 2570 3215 4868 284 3623 174 4027 154 473 3183 945 1689 4043 2275 4804 1378 5239 3670 611 811 2039 1013 2148 1307 1384 2213 4628 252 65 3121 167 4178 2566 3063 1483 617 157 1688 5544 1443 4709 2988 3852 2004 4241 5220 1033 2718 1728 3149 3930 1475 3979 1678 1995 264 606 1875 3860 4938 2512 3686 478 
1219 3650 2580 3953 1926 1971 1828 4181 3910 3448 5556 5346 3512 4640 2023 287 1410 2312 1734 5073 5518 3516 2091 4268 2668 3180 649 3591 492 2481 972 656 3917 5008 3456 3919 3223 2862 4474 2862 1483 705 367 3844 3833 2723 3881 2867 5105 3017 231 5088 1248 4870 1485 5361 2602 2521 3683 4544 4681 2619 3614 3822 2221 3567 1092 3929 2210 4105 3211 362 5375 4288 3925 
