4256 4276 370 1593 3050 2163 4041 1267 5331 909 443 379 5080 4512 1177 3629 4780 4411 3888 636 4850 34 1377 4359 5486 5154 5082 4437 3221 5526 3322 986 1961 932 345 2931 5359 5200 148 410 803 2518 1192 2050 3955 2509 273 5363 4118 2891 1844 397 3168 2764 121 3766 923 2307 2841 3035 1335 684 485 4429 2079 2912 4388 5059 3160 3227 2207 3303 413 3073 1400 
5018 247 3859 2746 5064 5456 1737 5236 795 5436 3835 3002 4415 4933 4883 366 5322 808 1116 3765 5366 5136 1630 423 5107 1565 2963 1114 5309 4802 4550 2799 305 774 4291 1437 1328 5630 2950 5356 2433 735 1420 0 516 1597 4719 538 2644 5577 4354 5195 985 4904 4508 4305 1933 2593 5056 5080 379 621 5005 1525 137 2028 2314 1026 975 4488 2815 2295 2693 4056 4006 
920 4090 2220 958 344 740 2351 5033 3272 3070 4905 4579 1984 921 680 2190 3851 2349 2720 5411 4702 1663 96 755 2318 1068 4078 531 4189 2229 686 2160 4733 2380 5258 952 2089 134 4153 1553 2811 5093 5421 1046 1184 252 5440 839 2842 5625 4291 231 4076 4078 3679 1277 3465 1891 1248 4941 2598 3961 5182 1025 2722 806 4007 1486 5396 5592 4506 2504 5204 2912 535 
1307 3632 2033 4065 202 26 2778 59 1338 5065 2518 3111 3620 4702 3905 4757 2708 118 1830 3515 5189 1481 985 4765 890 4121 1710 4649 1076 3179 4000 4540 2265 5600 4716 5547 2680 5227 1858 769 5182 4706 2203 5053 1763 506 2513 4553 1595 1058 3132 4890 2580 1628 571 4063 2694 361 4237 1373 4002 289 1838 924 793 2754 2628 5314 3980 829 5069 3313 4903 3220 1890 
1266 4813 2441 3284 4839 1074 4508 3735 2440 3065 4757 4099 1877 2705 3449 2530 859 4881 4089 240 2647 5052 3473 4473 5355 2334 1001 3622 2827 2852 1992 4906 394 935 5119 2759 2355 3311 405 3977 3100 2070 4656 780 1992 4469 3007 266 4511 4610 4888 356 921 59 4437 4210 3643 4057 4325 731 3845 879 3508 1933 2516 3450 4532 3830 5539 2271 4461 1443 335 4015 189 
2080 2559 2887 4910 1572 4245 2271 900 2006 4541 37 4384 4234 1185 3513 4754 4421 2722 3686 1537 3920 766 2144 2926 4985 1799 11 3478 1020 3086 2270 4492 1491 2921 14 4255 490 1590 3635 436 3254 5122 4347 1334 3505 575 4208 4621 783 5241 396 196 2613 5025 2331 4919 1401 4358 566 324 1300 3267 4144 1800 4473 741 1736 3378 216 5285 802 2150 2893 1307 4719 
2908 285 2386 4362 2483 1609 3256 57 1356 2549 1882 2023 610 2611 793 2985 3614 3133 4073 315 418 5541 1270 5356 1551 4801 1712 866 730 11 5381 4193 2395 934 5267 4608 1777 715 3985 570 2917 5458 4991 722 5071 2298 3188 2876 143 5592 4698 1643 355 4780 5086 359 4480 689 3709 4622 204 5038 3466 602 3178 2982 5442 4755 1630 2205 1720 328 3859 4406 2131 
2098 1562 2912 5255 3839 4179 1583 3839 61 1025 2377 4854 846 3911 3663 916 716 3905 3106 3050 5348 3888 4616 4915 128 115 2728 238 50 371 3295 524 2579 5483 5213 1415 1323 1074 4442 3400 70 1125 3026 621 1668 2169 3577 3675 2832 1471 870 2644 3029 4615 1278 3096 2702 3627 97 4900 1806 3266 1289 5467 5135 2232 3113 1989 670 588 4429 2158 1937 5032 881 
4284 276 474 2924 1066 54 3300 1534 4657 3911 2983 4296 73 2327 2219 4081 520 4166 4080 4688 1044 245 2111 2256 4938 1628 1060 2889 4584 1321 4340 2282 1279 5031 2612 1934 1235 4457 3373 833 2562 3097 5252 1593 3730 4505 2925 3860 4921 3730 4342 3523 541 2877 1072 3130 1086 3093 3557 2320 4339 1992 2894 4903 3794 4693 3378 4500 2242 4049 1056 2044 2854 592 4372 
2631 796 5027 5268 572 2302 2084 4929 4036 4258 1080 5064 5609 3318 506 1421 495 2829 3596 4600 2633 2660 3670 2273 3969 2523 2014 2466 4891 3878 3478 4822 2466 31 2245 1013 537 1718 3699 3806 5365 2909 709 4474 2313 1526 674 2667 59 470 3772 1490 5134 4234 245 3271 4198 4073 4632 3568 5269 1748 3065 3359 1077 3590 5494 49 1363 2442 1434 1251 561 2283 1583 
350 284 1416 5154 322 2745 735 520 299 3792 2511 4011 1460 1246 5621 335 5136 95 4644 2573 2757 4973 1431 1082 1993 5206 4766 1475 5422 4765 1245 3131 441 2032 4886 3598 2065 5499 359 5066 4039 334 2896 1365 1245 1543 3598 4287 2978 3055 2577 2223 1342 579 2002 4904 723 5231 2088 4442 4181 3523 3061 364 3128 3325 747 2922 1615 1655 3464 3219 3928 23 2849 
4508 1248 4978 3560 4356 316 3848 3483 5359 1298 2136 4748 1905 549 2919 996 2750 1992 78 1938 248 135 1765 4289 3850 3241 2100 5305 4698 5332 4570 1249 5465 2661 1449 2032 4379 2759 1972 1770 177 2881 1509 4698 4402 2606 3288 2198 5045 2018 5178 3665 4510 350 4909 950 5425 737 231 1700 1563 667 1149 519 1696 1050 823 3616 5350 2819 1701 4988 5023 5372 2047 
1029 5622 289 5397 3880 1924 2981 3486 3445 2588 1855 5139 237 5466 1889 5295 401 1330 2844 3729 3274 1288 4027 3041 4149 2316 3672 5313 5197 2941 221 1737 3542 5126 565 3057 997 4456 1003 4658 318 2156 3456 2502 2868 1698 2665 4979 4000 5154 2350 4129 1115 3392 1594 1255 111 4761 1297 5262 5529 2547 2060 3803 1810 2766 1132 4035 3159 3720 541 653 344 298 2690 
3230 5174 1670 3432 3306 5028 979 3430 1087 2526 1089 162 2724 2781 1251 4889 2844 986 1938 3614 1780 3160 882 2618 4272 321 4133 3076 5007 11 4825 3736 4689 1640 3835 3102 2475 3541 2086 2955 1718 3648 1204 4164 2044 1569 426 3086 1151 5286 2736 2844 732 677 148 2543 2151 1414 4862 1017 2767 1329 3566 1193 4758 4517 1518 5106 680 1762 5600 682 463 4650 4175 
669 2731 3433 2826 4078 4484 4858 2485 3345 1 1745 5425 2175 4863 4764 2016 2114 3208 4904 4159 1377 2559 1269 2858 1012 4513 4072 5103 3931 4133 5146 2071 1101 2680 2415 644 343 1887 2261 4015 1806 3246 1038 662 6 5141 1079 13 5243 1812 4758 737 4206 4437 1059 3686 4281 1645 4645 959 3446 3197 4775 4634 40 2470 2050 4979 3473 2724 3720 3343 885 4909 1373 
692 4445 4447 3397 4612 3012 46 3597 3294 2196 3982 1769 5294 1111 5029 3318 1705 3613 2503 4018 4070 3417 5433 576 1960 2067 4194 2977 2319 4078 3838 2692 4498 3964 4610 250 3669 4127 1105 4346 2874 4144 377 2257 3455 1155 3202 4177 4781 4866 1488 3156 1346 3186 3549 3402 3864 4257 3504 5550 1734 255 483 4360 4438 3820 1315 3710 3507 1190 2092 5571 4735 4737 3151 
4281 4671 4780 1126 5571 670 1824 1313 3165 2387 5443 3056 1456 3552 747 4857 3926 2555 1229 3531 5420 2923 2613 2638 2086 884 523 759 4685 186 1269 3273 1491 713 795 4282 690 229 4197 4845 4774 3299 3343 348 1167 2338 526 4871 1707 3690 5368 1535 2438 2474 1832 2117 3438 3984 2873 2889 3540 447 1436 4069 2307 1130 2734 4484 882 2991 3440 452 674 2940 2748 
2123 2955 1966 1042 383 3790 3040 3444 2839 1950 811 5532 2118 55 2982 769 326 279 1099 2008 1490 891 3143 4530 2517 129 630 3429 395 1014 3133 2262 1725 3544 2245 5494 2742 3552 4188 1475 1485 3168 74 879 182 347 1137 1684 3594 2435 3727 3765 964 4103 2625 1502 3389 885 3898 879 5388 5303 1299 1797 3226 3736 4210 1570 1236 426 4567 5179 500 2052 1891 
381 5467 3070 3601 2475 3223 2714 2243 3143 1294 3332 2227 5103 458 4323 371 1812 702 1141 4133 3146 119 5180 369 1935 1924 672 2390 196 2063 4819 4901 5417 3433 4890 3803 2842 4168 4589 143 5372 2743 1896 1476 4192 577 5182 166 2376 1471 4897 1759 1819 4324 4382 984 1730 4514 2292 2409 3207 2207 398 1802 1229 4693 4110 3675 1223 961 5084 4735 3568 683 4582 
2438 2107 1633 1974 1373 289 5270 2773 5316 3857 1410 2280 2373 112 1431 2386 4668 2876 4512 4747 3398 2824 1277 3381 2558 2847 3202 691 4271 4634 3003 2472 4896 2169 794 4774 3940 2867 4485 102 3908 839 2104 421 5019 4119 2718 1925 2750 3163 3988 1864 2768 4231 3744 2897 2217 5058 2161 4587 4172 4899 4606 5270 140 5325 4424 2611 4028 4226 2513 5276 795 1925 4718 
257 4285 3049 364 1174 5515 2762 4706 3166 1113 857 4160 109 648 4525 3897 2370 5543 457 2228 1970 4101 1313 4138 4744 172 4474 5378 5135 3768 4512 1432 5344 3678 5577 1623 5319 125 3026 3434 3674 2887 3593 5451 3654 385 208 4646 3226 562 2513 4051 1544 1137 510 1474 3922 2292 3954 4983 5494 28 2008 295 211 1858 2873 2649 2248 3630 3110 1473 1920 5468 660 
4914 5514 4467 2539 207 3975 2851 1112 4764 1341 3966 1098 1316 75 5348 4999 5398 3747 896 5292 238 5422 3379 3801 2249 3446 3160 4765 1246 5393 4667 3150 173 4461 4569 3775 2240 1927 74 3749 5224 3677 514 5006 5548 5257 1261 5285 5615 2833 4933 3650 2869 5324 3315 3279 3984 1017 51 1261 4535 2116 3353 4093 2839 2714 518 5323 3130 3311 3287 5077 5491 4183 3513 
4238 5523 2241 353 673 3211 1791 2947 1175 3378 5586 2076 1715 3835 4832 1634 4363 4952 3695 1570 2750 2796 5497 4852 2528 5152 5250 2103 193 2029 2528 59 3737 3743 5397 4964 4595 1743 137 2945 2457 56 988 5258 3844 1863 44 5475 2008 3388 5335 5521 1382 3895 4477 1374 3612 5545 1983 5095 3629 674 139 631 1426 1055 5440 3093 4186 4825 2565 2756 2669 4285 104 
3681 96 3741 5351 1679 5503 977 3142 5413 4726 2905 1727 402 1161 3165 345 4925 3847 1638 3644 601 5157 5193 1629 4964 2365 1029 3869 3701 5349 876 2536 4548 5178 3695 2603 3933 5350 1927 2764 4386 599 2343 730 2951 2189 2753 3444 3639 995 3234 1229 4484 665 1831 2166 5011 4655 126 4703 5407 1081 4253 4825 4013 1072 1409 741 3225 249 4658 5359 3378 2045 598 
488 2035 3117 3566 3392 4678 3604 510 412 438 1628 842 3080 310 349 3935 4608 4785 4313 5598 1802 1474 2410 3589 4627 5227 3303 2684 1272 1936 3741 1884 31 345 1571 1590 2912 1161 2884 1621 5404 759 2884 5174 1832 107 3277 1314 5492 2127 3185 5093 1397 2127 2192 5459 540 1196 341 1528 2348 4909 2572 992 3918 5170 4287 2119 1433 786 1805 3334 2243 2446 5620 
3549 1894 4773 5025 3794 4193 4678 5504 1442 1189 1054 2620 2006 4298 4385 4969 1248 3278 2978 790 1958 3919 2992 981 3350 2501 2805 1041 2451 1575 5335 5452 5366 591 73 3884 5607 3296 3631 1048 363 4506 721 2114 697 2411 107 3141 4776 2292 32 1426 997 3115 5550 5150 439 1079 4685 1227 5019 4772 1768 4558 4053 1215 3637 2380 3370 733 478 829 5380 1950 3208 
5249 2834 4850 2397 1440 4032 4639 4892 822 4284 5574 1306 3731 2769 2864 787 3160 2971 5372 1757 2519 937 3754 811 1895 3294 3899 4558 5331 4392 2949 4369 967 1119 1272 1470 5478 2365 2381 1148 904 5155 2312 1999 2109 2215 2233 4096 166 4311 3137 1469 1039 2991 2678 2033 3184 2953 2567 2669 1790 2527 4227 4033 5267 1057 746 1508 3248 2492 2594 1641 284 706 5424 
1 4078 5523 1898 4543 5549 3466 5413 4531 305 3328 432 1587 4166 4434 2310 1207 2069 3773 4122 5216 4959 4481 2639 3604 131 2875 2808 3406 4084 147 4438 1163 1047 975 1224 4940 3309 2048 2180 2733 483 3045 1296 3821 3057 9 3419 1987 2615 3808 3083 28 2105 789 2200 4597 1638 4425 3733 4279 785 2245 5504 343 3870 1152 3430 3350 3434 3358 2882 797 4005 689 
354 4326 5423 5065 3176 1810 4799 141 3654 2708 1793 1696 2360 1254 590 1812 1418 1160 4119 5589 1828 1998 3979 2053 3269 1361 3284 3300 3442 897 4295 3437 1873 4221 4177 3280 2786 5609 1414 2468 4817 2873 3392 752 2450 2626 299 5238 3773 1755 5139 5117 4931 5586 4296 4576 5222 3059 1566 1157 3949 3404 5050 5396 621 906 1692 495 3943 3616 3021 5614 5020 1684 1556 
2371 2273 3014 4603 2773 1103 2610 1800 785 1941 4216 5249 3485 906 16 3898 969 3825 5097 3568 837 5192 4892 331 3281 1264 247 3715 4587 2275 1857 2180 502 1871 2063 3562 1736 4077 1735 4340 5475 3813 4386 3321 3960 5507 4417 4072 984 3648 1373 3884 170 2606 4522 491 3835 2919 505 708 3390 2310 2283 2275 1338 2464 2023 1796 2619 1604 2554 2667 78 4720 1566 
3330 128 550 4105 5370 34 1610 3158 3356 5245 1862 3795 1900 384 393 2778 4883 2752 5020 199 3115 3519 4017 913 3415 5553 1365 2961 3809 674 416 1532 5279 3725 270 300 1006 3831 4934 473 5470 368 1637 3922 2348 1194 4897 5397 1006 4807 3824 2783 1472 215 5626 3992 1005 3435 5294 4743 4961 3006 5018 599 672 4410 2562 4706 23 3233 780 2324 1643 3189 1150 
4807 3665 4378 1928 2018 3013 3330 4842 3413 2763 1967 2670 5095 1663 3973 5111 96 2128 1006 209 1669 872 1724 2017 2454 5451 5004 653 2717 57 948 3148 949 4516 5260 4513 1217 5052 55 2595 3392 1782 4463 3956 2104 379 2499 64 5197 4876 3345 743 5064 5188 798 4566 3382 4281 4054 3384 4150 4642 1551 1314 4547 1959 5481 2135 423 474 4171 2178 4321 93 676 
371 893 298 710 3496 4963 1959 1673 4887 2813 4391 3370 3537 281 3657 2024 5549 5262 5549 2135 1299 5185 3120 300 727 3145 4254 2539 3913 635 2828 1176 5011 4096 4796 634 3195 3846 3919 5189 5509 1356 2453 3161 2298 2739 604 3487 3756 4700 3356 4449 2898 1621 4438 4037 2176 4759 2903 3790 5094 2924 722 535 2262 423 2193 3215 4032 3269 3465 2291 939 2470 4305 
1964 226 1513 3515 2095 1837 1177 3095 5113 5273 5482 4967 1190 4715 5509 2332 2793 3546 5177 3288 4331 1726 1499 2257 3060 1245 3249 3744 290 5115 3561 5126 5131 5548 327 437 1514 887 5472 2974 2804 940 311 1096 1173 4332 5590 5346 4198 520 2330 4812 3800 750 3662 3570 1459 455 2275 4375 2450 1569 5620 2374 2929 1645 2048 925 2033 2630 1128 2483 3625 714 3342 
1167 1626 1873 1328 3142 3854 407 3384 3540 7 2699 2608 3044 2495 723 4216 4050 4000 1141 5184 4425 1926 4020 5087 128 4804 4223 1308 266 2677 5194 29 3569 1833 3459 4247 1548 799 5150 4192 3567 1047 876 4564 3640 1879 969 113 4757 3456 556 2266 3935 2928 1697 911 2591 3832 3900 5009 1279 480 2608 4786 3764 4945 5308 2645 1973 884 3764 578 41 504 1890 
3371 2428 1730 1752 1289 2310 784 3193 5304 2425 4848 3456 4897 4438 420 1647 1842 3259 2348 559 4316 3699 752 5212 3945 4160 4435 3378 4167 21 3586 2853 3855 444 5019 1824 5142 3593 1343 3786 156 3182 2071 2201 1273 3071 1049 3436 4134 3058 53 2923 1840 3471 2805 4480 142 574 267 5088 576 127 3848 1019 572 4098 1948 3625 1565 1804 2211 631 4974 1479 3203 
5404 3196 5521 2603 3734 3283 3648 3334 2643 1407 4525 2560 2846 3599 4613 4044 3390 3320 532 3773 3490 3488 2890 2235 742 3333 3456 314 3477 718 1139 2472 1571 4168 44 3760 2252 3419 4369 4581 3883 3148 846 1466 3249 609 2453 246 3916 1077 2255 3983 4223 4340 5386 2536 988 607 1416 2700 4935 509 4101 671 2000 5503 595 842 2593 4102 2177 1890 4476 176 3572 
514 1406 2447 1248 4745 4001 272 5330 859 3723 4669 4676 3314 2435 1144 4332 3653 4541 3579 5524 4555 443 5062 3738 4546 5020 4171 5546 4280 4751 3248 992 787 4353 1680 5586 2265 2080 847 1583 4867 1707 1397 4920 3289 367 5373 1103 5271 2585 4371 47 1697 1890 5542 2699 1848 5124 103 5485 3208 3794 1803 4617 1287 4476 994 2208 2847 2390 2449 4926 4425 2616 2138 
1075 4874 2340 3955 4509 938 1252 324 5305 1502 278 1165 3105 1144 280 4777 1781 5351 1245 4442 2236 909 5001 3424 1179 1180 2083 2672 3090 2056 1922 4642 2249 3982 4305 4741 949 959 3593 4486 3670 1983 3573 2281 5261 3096 1973 4170 3413 2324 5143 3462 1653 4550 4966 2658 4514 672 4986 1878 1336 693 2097 4310 5059 1745 3906 932 1205 1808 1960 3362 1882 1226 2613 
2135 3610 4860 4126 1182 997 252 3014 4684 4839 1527 997 1551 4681 3767 1382 2474 2741 1882 2435 1485 3430 362 4867 2988 1479 1562 4389 2502 254 3566 960 1518 3334 2250 831 2642 5366 5419 5161 351 1555 373 2174 4803 3813 3464 3923 1238 4391 3875 180 2130 3545 2984 2709 2878 1682 5519 1711 214 476 963 3584 4294 705 447 4632 4352 2950 4257 2144 2771 37 4108 
4985 3751 2569 2707 3347 77 1647 3918 170 2220 780 3727 4228 4232 2668 4772 3503 1385 4194 2471 1545 1103 4120 3468 5196 3164 1889 3148 2559 3296 2091 4815 3300 5249 3158 5532 3532 2840 359 3609 3 3581 95 5384 1042 4653 5315 2929 5191 38 3871 5357 4489 3181 3107 242 5183 810 1733 1966 496 3423 2429 4689 1698 2187 2015 1746 175 334 2293 3935 5017 708 4561 
2725 4548 2645 5067 2362 5576 5189 1632 2149 1485 2887 266 1285 2226 4674 4735 1252 573 1998 4612 3329 5498 4863 2538 3174 4130 2647 2521 4497 3144 2389 746 3918 2633 880 3505 2864 3039 1406 3514 2362 1953 3368 4273 4450 799 5208 442 2806 2239 962 2070 634 2775 4175 5254 1210 2455 3379 5283 1731 5445 3137 4532 3819 5085 4184 3669 1046 5599 4318 1592 1877 1163 3340 
4225 4037 4199 547 38 2225 5114 1455 2873 4552 5629 4114 3401 4470 221 4771 4332 1991 2131 1233 348 4474 3120 2748 1686 4454 297 1535 4152 5196 4839 4522 2680 1889 5229 1713 177 4101 959 323 1067 4106 925 5319 2905 4142 3486 2995 4167 4503 612 3239 789 5162 1076 1943 3450 4407 3687 1647 5530 4850 27 4902 2752 3645 957 839 1882 5187 3014 878 186 4107 1023 
5116 1474 2938 1064 3183 62 4822 850 2919 2572 3649 5191 688 2203 2336 3163 5586 1033 763 3473 661 2031 3804 3359 4912 1528 754 2102 4554 2554 52 5237 2085 4300 2758 1568 2902 2169 5546 1479 553 2866 2832 3741 1988 1112 2381 2869 1912 987 2313 4335 3200 942 3242 5207 4350 3653 675 1522 954 1895 4939 1716 2390 2594 3369 3679 3226 625 1262 4564 2161 743 1015 
4441 1195 4679 1686 2208 3618 5271 3569 4665 4018 4154 677 3459 2820 73 4501 1290 1382 4269 5427 1857 4735 1157 3643 5478 1657 4020 5247 1542 3118 4418 1395 4038 1155 1905 2699 4936 571 2530 962 4480 1818 2837 1995 2249 1417 1323 97 5291 4200 227 1203 5213 1896 4475 5042 2734 3291 3280 87 5041 1266 2708 1479 2131 4642 337 2201 670 1862 3813 3721 2856 4556 4144 
1696 4461 1939 4296 3856 839 3633 577 4913 3110 4503 1518 1277 840 2892 5381 4846 1457 2016 2480 230 5387 498 4127 1839 1293 4849 2603 3084 675 3872 5495 3183 2686 2288 638 654 4100 5421 4223 4090 324 2301 1258 315 3932 4819 4523 4964 926 2305 2870 5232 4198 614 26 1929 4879 4218 3683 809 4060 4442 2764 1585 3149 4448 310 162 5434 627 2256 2974 3535 1948 
4413 1728 131 3342 4432 3755 301 4463 2726 5068 21 1674 5393 632 3535 4193 5078 5306 3490 607 3866 4008 1472 1476 617 4019 2229 2311 4473 1607 883 1065 1993 4101 4857 4799 2199 5408 2646 756 2849 4633 4438 1008 4583 2993 1869 1437 4199 2865 3124 4133 4035 196 4733 4039 2194 3841 3935 5543 5245 2650 5201 812 840 737 2515 5484 1311 649 3402 1914 975 3563 5471 
99 1549 1671 2133 5264 902 3298 4507 64 3255 2221 3969 5562 1031 427 581 4296 1551 1455 5142 3603 4239 4892 5159 280 5411 4269 765 4212 1 4856 3625 3799 4696 1941 1242 4211 5185 542 4156 1327 4299 2512 3482 5255 3600 1467 2508 2116 1770 3771 1608 1767 4314 967 2499 236 81 1220 1641 1590 5330 4218 4280 5489 2508 405 58 5208 4985 3397 3586 3791 3499 2530 
874 2584 2680 4591 3371 5135 2804 611 4292 5405 1896 2460 5460 978 5232 543 1846 1569 4712 984 844 288 253 2379 3671 751 5226 5225 1497 3752 4813 2290 5107 1666 3472 370 4621 240 5130 5579 5583 5318 150 458 2631 5602 3059 4331 2285 227 2369 3602 3698 3204 641 4348 1465 2428 1753 4776 1240 5569 3641 5234 1972 1480 4709 2848 4913 3084 1120 970 2407 3660 4127 
1243 332 1445 4309 4693 3880 249 946 1044 2394 1019 5062 1109 1980 713 1038 5553 2378 4810 1724 2940 2583 62 4388 1408 5066 5061 857 3523 4650 5294 3620 1279 5417 3732 4609 2381 5421 3876 3896 4904 317 3205 452 5214 4022 3139 928 1611 2308 4725 4567 2325 4407 1657 2481 3307 1224 1182 4625 5505 4565 1367 5539 4546 1631 2596 2619 2301 1267 4666 1959 4666 5615 3399 
2799 49 489 3391 4080 4433 3739 410 1411 307 1010 4156 3208 170 4076 3411 4580 1547 3340 227 4464 5039 1162 3230 856 5382 698 4668 3971 4217 1806 1234 1449 3680 5160 4050 2940 2485 4758 3928 3363 1366 1179 723 4771 3719 5551 1533 1199 155 917 2423 5352 1355 945 1484 2090 1880 663 1494 667 780 2023 3153 3373 3806 2838 1924 671 1130 323 4596 3297 3098 598 
1882 344 751 809 4962 4864 2124 5484 2897 865 4968 5517 605 3547 2564 2471 1068 4626 808 959 3434 5430 1606 4545 3745 4359 397 1077 2270 5234 842 3951 1858 896 1296 2729 4527 4528 169 164 2702 2754 991 4761 3194 2959 4369 1078 5455 2341 999 2727 2210 1142 1748 2516 1435 5155 2091 1047 654 3329 3697 3857 1139 4645 3259 1764 1646 544 2650 2057 1126 123 2581 
2650 1051 1383 369 334 2845 313 843 948 4770 795 2995 4625 2415 2469 4995 4817 3981 2977 4302 4145 408 1260 4994 4086 1887 4692 934 4845 5327 2016 195 1473 3159 2496 4821 2787 2697 2050 1786 313 3247 930 4490 3497 217 3813 198 1526 2800 3358 5580 1957 599 345 5360 5620 4117 2514 364 1049 77 5252 363 1839 2020 243 2619 116 1213 3509 4757 1322 3632 2404 
3572 4321 4428 706 1160 520 4819 2301 4639 1826 2471 4964 4843 564 2025 1469 4894 4642 4587 1303 4625 2094 4008 5470 213 1871 5096 2514 1056 435 1522 4560 4405 3144 5426 1817 1272 1264 195 574 39 4272 684 79 1 4097 1512 1511 3713 1014 4066 4447 4357 5095 3048 2795 2034 3172 3197 5239 5021 3565 3219 4815 1534 3500 3621 1937 5036 5357 974 63 5357 5601 2048 
3444 4600 5225 4294 163 4995 2706 677 181 4257 2696 5470 810 5492 1351 293 3992 186 657 4809 4621 2340 552 3612 2491 4298 1626 3487 4112 4126 3715 45 4346 5490 2482 5578 2068 1264 5235 4091 4226 4199 2563 3284 2501 1037 2135 1158 1512 2717 580 4423 1453 2615 3838 1034 3981 2883 3631 1428 3992 3993 1439 3331 2901 4161 1198 446 2874 4975 3696 5545 4724 1538 3651 
3271 3184 878 135 3954 692 2136 310 5420 602 82 2054 4755 2705 3886 3127 3280 3065 2069 804 4836 587 1949 4376 44 4421 95 2501 3903 3282 5580 2814 2067 4889 4749 1987 2986 1522 833 1645 5039 4227 1419 3195 797 1689 2483 2519 2826 1537 614 3014 5574 4950 3074 2239 2323 1641 1292 4063 1911 2662 580 1360 4596 4743 5181 5507 2271 1764 2921 4505 5142 2945 3782 
909 4084 1931 1601 404 304 445 4176 4519 1992 4025 1641 2488 1372 4749 2821 1852 1751 1157 5476 1495 256 3423 2613 2144 1236 225 3542 3494 3934 4297 3189 3384 329 1524 346 1749 1117 2232 1233 4402 2840 5412 5239 3445 1108 4435 1193 2088 4962 344 618 1806 2518 143 814 5041 2112 3621 3677 2307 907 4950 5354 4534 362 2527 3415 974 366 1163 1477 3721 2926 4189 
4864 5271 1678 4712 4771 1931 4428 3228 1438 1596 2457 1016 678 4218 4701 5149 1701 4353 66 5425 1876 5019 4322 4605 3439 5062 612 1719 353 2359 4868 711 4611 4371 168 3007 3409 4666 4148 764 3581 30 4800 1579 2444 4375 2762 4435 3337 4379 3334 3154 2578 5290 640 3332 1199 2832 887 1194 102 1981 2235 5158 1835 1034 2194 3199 5576 1256 1824 565 5400 2 1779 
3723 5560 4330 3905 4264 703 1748 1865 1601 3961 177 3082 2770 4200 770 3779 957 1083 2839 4283 5364 4376 2467 1279 5560 4115 4034 1100 2392 1936 2800 366 4172 3237 4994 905 4610 1869 2911 5624 544 423 3726 3111 606 4137 5239 1799 541 1004 1066 2713 4433 108 4048 1968 3190 972 593 2699 1133 187 498 4871 842 3676 4259 5240 4738 1840 3881 4325 1798 1679 4843 
5280 3796 4192 1646 1865 984 4183 358 2093 360 3118 4127 289 4333 5571 3321 578 1139 537 2210 2087 676 5019 490 4071 4909 4948 1482 2089 3674 176 1319 1223 531 3062 2378 1864 3704 3123 3056 1385 972 1972 823 349 2838 1745 2928 416 626 3010 1735 5260 2676 2066 983 730 4462 1998 4427 4767 4871 1701 5000 2194 5629 2643 1188 4864 1533 3207 3474 3005 4352 5118 
2618 1714 4396 2440 67 1046 5234 3154 5010 3566 4770 1566 149 5370 1919 2294 4670 2313 5205 2790 4348 3353 2842 548 5125 4451 3062 461 3053 4475 534 3205 4270 1230 3422 3447 1595 4567 3180 3918 3250 4078 2760 4888 4464 2087 2382 355 3675 5327 1766 4239 2400 2527 3432 19 4162 507 4010 5553 4924 4638 4149 5139 1761 1847 548 1803 3227 5428 668 109 4623 432 3052 
1125 3841 2505 3623 54 2813 2445 3239 3042 658 1377 4323 1878 4870 1736 1023 3373 3566 2266 1142 5372 2630 1296 3824 430 2948 3161 5501 763 913 5413 1618 715 5454 4517 1488 4363 2956 5051 1409 2889 5041 1059 711 903 1306 991 5504 2331 1885 2457 2914 3050 400 3284 4778 4555 4763 4817 4195 3798 2103 839 5612 785 1776 3845 980 2544 2750 2587 917 3890 2359 4933 
3001 1879 4721 4354 40 5104 327 531 298 2268 1050 3729 4213 1411 1344 3353 2066 1277 1679 849 1201 3581 5572 2057 5215 2843 325 4461 4827 309 4400 406 222 1931 1239 4982 3309 3743 943 5294 3098 3129 2238 4271 4792 5220 5384 5120 4456 1722 5428 2240 73 4453 2002 132 1962 729 4704 3923 1709 734 536 5506 835 3009 666 4542 3004 3979 1150 489 2984 1907 5448 
194 4381 1696 5287 1220 779 1868 464 326 5369 2346 4405 4093 780 5216 4639 1550 1033 739 2782 799 3200 2295 3396 36 2192 2608 4670 1282 4699 2543 450 3335 3954 5424 4933 681 2977 3254 1436 3582 5519 4448 5158 3625 3799 894 1922 2953 3822 1723 4893 4067 4635 283 2970 5222 4953 3695 1765 1757 264 1177 5518 3905 3013 4258 3128 4664 1235 3746 1849 1056 2360 3922 
4847 2650 3427 2822 3522 5363 3861 2189 4179 2490 2882 2187 3617 4905 4279 3258 4914 5524 896 4228 43 1884 711 5054 2661 3254 5622 5378 3449 3372 3833 4165 2944 5267 4195 1100 749 1163 267 5023 1482 2231 2392 2033 2101 608 5268 3792 676 3118 4520 290 1551 2259 1404 5089 775 3978 3381 3953 1442 5065 3454 1645 3612 3581 3201 3909 1864 1293 4785 2400 1914 3136 258 
4715 2366 246 2477 26 4036 1923 3459 2780 2380 4373 4781 4041 4467 326 4114 4512 3522 2284 4653 2260 115 582 4098 5613 4667 3032 5334 3336 3410 357 2165 4486 4203 2371 2137 1002 4976 231 503 2995 1109 3611 4657 1233 3106 1695 413 649 1033 3824 1401 3837 2313 3606 4551 963 3643 1738 1477 4055 2964 2273 3333 4663 3432 2809 4563 4979 2880 3421 5616 1120 1786 5377 
4126 971 2112 2725 1006 3497 265 4612 617 1286 390 4346 1465 1186 2769 4871 167 2754 3431 2161 1841 3722 5362 2385 4615 2616 3049 2895 4380 5335 5098 1027 202 2726 3518 106 1634 4487 1694 4105 93 5155 49 1971 852 5009 38 1759 3240 813 1207 4187 1679 2067 400 689 695 2145 4833 1239 3125 362 2210 474 382 3223 1226 2844 4505 2192 2422 3550 5091 5478 4411 
557 1670 1334 1799 4670 895 14 1467 1501 4014 2182 3302 2110 1331 1538 1503 4681 3809 3050 4750 3548 657 3296 619 4533 5175 181 2871 522 432 5033 3011 5019 3550 3229 1295 3596 264 1854 4358 4186 658 2231 603 5306 1590 2766 901 4679 3364 265 3472 2901 2080 1190 4351 539 2126 2674 2622 3705 1093 3981 4561 4544 4440 745 602 5165 3903 102 4210 3616 3289 1629 
5371 3001 3949 3504 692 2723 4502 2886 5062 1711 2997 2124 1650 4952 2307 3248 4319 4670 4697 3014 1780 5082 1313 2413 295 3544 1650 3981 628 574 3817 5147 4010 4056 2818 49 3476 3798 5366 5284 2082 2329 985 5376 2433 1892 3702 681 4037 2753 3083 2454 2437 4245 4862 2046 872 5550 3834 1599 2433 5096 4632 2357 3511 4851 3645 2156 2794 15 1259 2882 5372 364 1163 
3369 3653 5211 1640 1005 3755 4935 1569 4645 1861 1602 843 4924 4282 2912 2895 474 5329 1220 3863 1765 3816 5181 2510 2338 1035 3935 780 5545 2440 5170 3084 4577 1849 3266 4898 3042 5234 4494 2034 1926 580 4588 4764 2381 4847 1448 539 810 3090 3267 3268 4997 4985 1138 2700 703 2087 414 723 5589 1258 4547 3540 1867 3514 3908 3451 1707 989 873 4839 4574 5323 4024 
256 2832 3995 4973 3079 4465 2131 2637 4096 3800 3695 4773 2554 4207 822 4276 2722 3612 5504 1359 2117 3389 5572 3329 5019 5246 3313 4160 1318 3923 4164 753 2988 5509 2219 780 1500 2245 2248 3126 4351 4834 1075 4442 2867 5041 590 2006 4134 2489 512 382 4319 1084 3346 3672 4516 2098 5528 584 1626 2886 3654 2218 827 2507 1173 1637 1873 5434 1709 2030 4835 4395 832 
3940 3217 2899 3107 4089 833 92 3611 745 5230 1648 4108 1322 3784 607 5211 4113 3430 432 3039 1478 4792 1263 4585 3700 1722 401 4557 1333 2290 913 4751 927 2020 2743 949 1705 1383 3882 4373 802 1695 2188 1398 3315 5339 3465 4025 5109 1176 3498 1151 5278 1405 2929 589 1217 1696 4386 5557 3526 3677 4819 4927 4416 5574 1324 3568 1848 762 2205 641 2131 1395 1928 
5285 3230 5250 1261 4128 195 304 4970 5606 2062 2822 4483 5587 4318 4448 3012 4832 3716 5099 781 3102 1353 1861 1496 4430 503 1642 3891 2342 3522 1877 5176 637 2891 4367 4244 956 2283 733 2930 2217 4090 268 4553 4389 1894 5057 5091 2590 4781 4828 958 5582 1633 1775 979 2101 4267 856 1897 4761 5438 1006 4291 2878 4888 1201 1641 685 4339 3664 1970 453 3562 4493 
1960 4112 1412 2630 1981 3372 1959 3949 3298 1328 2704 1183 28 5594 1954 5596 4059 800 1722 4165 2350 858 3663 348 2644 3264 2749 3747 4607 1833 555 4 3550 3205 3940 5159 1590 4535 454 4374 45 370 284 1068 3080 2902 4405 1446 129 3674 1167 447 3932 2737 3386 290 4040 2094 940 4923 1580 999 907 3945 5260 5604 966 4417 5106 4874 3575 928 2816 1749 1932 
3552 1461 4012 5410 4118 4481 2162 4182 5276 1064 1657 2771 3816 5158 866 4663 2296 767 4271 695 1551 804 4253 4545 4351 1221 515 4330 3139 4532 615 4751 327 3541 3366 2072 2917 1801 703 2420 4557 3754 3196 4870 1554 1252 2693 2292 1318 4350 1510 1132 615 3667 5053 1947 4099 610 5212 784 3363 3322 1647 3264 2079 2959 1650 4343 602 2514 5194 550 4901 4735 2129 
