664 243 1350 894 1550 378 1204 82 419 1488 544 187 533 586 1331 1371 487 102 523 333 176 646 1013 713 301 1444 1092 456 962 43 603 365 103 1587 330 138 1367 1344 1079 211 
353 480 1421 706 1448 820 1161 1431 503 878 110 1003 1181 725 85 800 1060 911 1545 105 1153 1402 275 1081 1008 1377 1138 1349 1216 135 924 500 1293 1252 77 1563 770 429 1295 320 
205 604 354 910 109 705 397 882 1376 509 394 303 305 1319 1151 1280 6 1377 1200 343 1211 697 19 1603 259 418 289 467 1158 484 226 88 1285 584 222 373 377 631 666 524 
1386 1124 329 1312 684 133 94 1436 869 229 925 347 1306 781 1319 614 813 1592 436 997 378 1202 562 1538 281 1400 1382 1000 169 222 997 645 1047 501 385 944 162 906 1072 1551 
712 1512 1401 183 1381 994 1407 1221 899 1276 915 1477 822 498 1258 565 1054 1148 1125 675 1565 187 315 1362 1185 949 417 502 295 631 312 887 406 610 1445 201 399 1474 591 134 
549 836 41 663 297 866 1128 1124 360 1293 1485 1093 1446 733 979 804 58 364 969 417 881 883 587 1567 831 733 1224 515 709 329 920 248 1589 612 599 1444 320 1422 453 863 
491 1010 151 1145 1591 551 87 1234 1310 1061 23 1030 1120 409 547 1355 1502 106 188 1205 653 1005 1426 1518 245 871 336 21 923 1347 1378 921 317 644 550 223 215 821 344 1222 
585 714 654 1021 348 818 784 456 1497 1238 761 913 408 1204 625 469 400 458 1016 983 376 835 628 1017 403 466 672 1154 145 856 222 862 650 234 1449 1228 640 976 206 1222 
1277 1006 1113 202 771 1484 954 378 1504 1596 796 221 237 267 327 1513 1603 1435 473 1020 416 94 941 522 694 1308 1176 1060 1412 579 1418 682 328 755 1102 488 718 193 1416 671 
1184 1346 1219 460 1419 712 1175 1402 663 1366 865 1592 956 1188 1046 640 242 1545 1170 1057 1502 111 2 1413 858 611 630 736 1227 255 1397 1104 275 126 1134 415 134 328 717 1043 
1361 325 1220 753 526 77 962 1339 1382 1053 498 956 971 449 339 472 864 1391 643 305 222 705 28 1133 545 158 1304 1262 251 403 275 897 1165 1090 1395 632 564 1492 526 808 
568 659 207 1383 349 1310 490 1320 1534 108 1349 161 388 845 1175 953 1127 1348 356 1236 1414 1294 1334 492 256 843 360 249 866 1128 756 748 1446 601 1302 548 640 1209 14 1088 
814 585 1242 1344 388 358 1274 618 984 20 156 353 767 1227 868 1507 866 192 441 668 223 1469 731 17 33 123 1422 629 938 1293 1314 1187 232 260 277 1270 643 996 941 413 
365 414 554 877 1069 966 1043 1253 480 1332 222 373 132 1402 432 102 616 466 1553 173 330 441 1191 149 282 793 879 600 324 494 1385 296 695 64 1541 287 636 332 229 24 
1335 823 462 149 669 1541 37 1363 1061 1293 843 131 482 648 789 95 1221 305 641 594 1543 386 634 390 810 332 1175 493 647 510 298 62 443 1027 1346 451 418 425 1108 1444 
742 932 618 1176 336 1059 107 491 409 481 644 214 1091 160 1452 427 597 380 1141 1058 1420 505 574 1431 93 1270 254 1403 71 493 902 52 760 361 97 1191 1094 419 985 1373 
406 1295 462 1451 148 1082 1202 1037 282 489 1453 1312 874 176 850 2 449 1575 1257 457 193 869 1313 1550 1065 1487 1111 595 1403 539 87 817 863 1566 1304 539 1513 1420 99 1035 
1328 1131 729 1232 1335 1185 559 620 160 1211 965 107 1586 334 568 956 1029 1059 1236 914 909 1536 1050 311 921 598 1083 149 207 1521 549 467 318 156 41 474 1462 1172 867 1061 
1183 969 723 1019 1300 1020 582 318 1117 1447 159 407 1469 118 1478 614 878 485 444 118 304 231 1482 560 1383 1236 1561 263 1499 176 732 352 1287 494 802 1302 1542 38 21 1143 
112 425 687 290 669 843 184 973 500 1336 1339 198 1244 979 1500 375 46 1405 241 1449 1541 233 1397 297 915 100 686 1535 511 1351 56 271 1572 1080 669 1087 1250 93 651 1261 
628 727 800 934 174 1531 358 1052 1219 1003 1168 291 1432 473 254 83 481 797 1157 96 253 819 305 663 502 622 1116 1422 805 588 1362 1384 487 1321 308 412 1372 373 930 117 
570 846 1125 510 998 397 109 516 1152 1400 1424 1359 1118 120 374 1283 1260 1194 632 1177 822 1479 370 783 477 1127 1447 1283 1424 995 899 187 507 128 1246 1140 30 1242 1183 887 
868 888 1465 25 1438 490 366 1155 378 62 476 1521 1016 1381 1136 1181 1244 1253 1389 852 1571 558 266 568 1320 1187 1039 1408 419 899 1525 779 636 21 523 837 599 1268 1158 548 
1508 81 945 1373 1338 589 707 1596 1104 1125 408 302 66 1279 612 564 255 513 896 13 1016 1265 932 1445 30 1028 1478 1284 63 1334 1235 1210 1249 1494 565 945 1280 409 98 740 
328 180 590 1569 1161 1018 944 914 1427 116 1375 728 1507 68 390 612 514 1015 1077 438 228 1191 797 1346 808 724 764 293 1140 580 869 1225 813 1074 643 349 494 264 424 0 
1335 849 346 1278 748 791 249 769 1558 418 1056 243 160 944 1331 254 1082 1097 342 583 729 856 1005 697 314 283 261 1026 601 726 393 777 240 389 982 1351 1546 1306 1177 1318 
1455 488 783 994 880 1029 317 311 681 528 700 212 465 984 494 412 885 107 1090 715 481 1460 742 3 261 381 172 835 550 941 578 207 495 1227 1105 62 765 1006 1370 1157 
389 289 1330 1037 491 183 841 328 711 117 1590 571 1014 1435 917 1026 367 45 343 958 469 1311 1358 701 985 763 216 1589 1453 1484 309 294 465 812 565 1119 1047 452 541 265 
1081 1301 103 137 1543 697 846 23 1213 161 1396 193 1262 135 424 1426 1292 660 1299 221 1552 1479 248 648 617 1520 199 194 1531 1279 1179 132 554 71 120 802 435 15 1502 801 
48 1022 15 1565 282 1296 1390 615 173 889 115 1370 454 1265 795 25 887 641 414 627 718 856 1513 655 594 900 1356 788 200 194 1027 1189 1512 1000 220 674 424 433 549 1309 
589 949 261 1581 1255 1386 1442 145 6 147 438 1392 1529 127 922 488 567 1134 179 50 638 1595 984 1190 247 92 1602 1370 91 43 1418 438 1332 1148 465 148 1415 760 352 1152 
345 519 281 1548 80 324 1429 1074 154 87 545 81 929 933 277 1535 787 416 782 1077 730 1388 650 505 349 1059 83 1205 455 299 988 546 80 450 1254 1396 1201 632 45 590 
1451 928 68 433 47 1453 1314 27 997 636 544 1067 70 38 1339 454 894 807 24 26 120 279 733 1470 741 1404 1454 1421 964 1496 1206 552 1236 924 1341 120 234 1439 848 1083 
715 868 473 754 1528 1427 449 490 1475 542 450 548 1068 1091 365 1314 843 684 1337 436 1028 948 1090 1154 1422 68 461 582 227 339 837 402 1225 76 104 154 1185 317 1553 1550 
1239 1107 1422 920 1099 394 1310 527 813 1199 1358 1237 645 934 336 855 705 1250 450 115 148 1511 1087 828 1443 352 1237 970 656 340 1594 1059 161 1046 909 1220 108 349 461 816 
1509 1164 1121 684 48 1010 1265 186 414 1411 726 405 19 63 581 692 203 555 1315 1555 1271 441 387 672 1580 746 1022 56 1442 820 144 58 472 556 1352 1111 975 1485 781 1587 
1408 383 495 935 1489 555 13 218 185 706 893 839 1218 1542 823 273 1468 78 1056 1124 975 810 313 688 776 1410 530 124 1380 387 261 1177 301 727 1256 255 1477 460 360 412 
1171 374 591 997 5 305 1204 244 34 886 589 622 816 1438 1433 1508 814 278 588 276 770 441 161 169 1598 214 309 1107 1419 1490 93 26 880 616 1135 1345 1355 117 255 859 
748 924 1419 469 1351 236 187 36 829 94 27 750 1324 856 929 837 56 1035 618 70 1083 780 1504 330 1037 1007 1153 455 1151 1173 679 1207 1389 455 946 576 1067 956 580 1582 
1294 857 1565 49 1059 262 756 588 1169 1242 1051 288 570 840 1301 174 732 664 882 960 545 212 216 1130 279 1353 766 590 861 1128 1158 1117 1427 508 823 561 591 1240 144 372 
