11772 10724 10252 2915 13636 3981 11565 12691 9151 10066 7124 9649 12110 15990 5424 12342 13898 6545 18085 15301 3808 17382 7562 11940 3158 7844 5944 9939 17589 2273 7708 2958 15509 1677 17887 11943 9237 3300 7283 11496 16868 11309 10908 10885 9430 12853 6256 8075 4338 5409 3473 5417 10022 11616 7365 4675 4845 11823 13804 7843 8241 13519 9667 10505 7265 2729 8232 10575 8000 6363 14856 17115 7197 16134 11362 16902 6298 10711 7149 672 11713 11035 9847 10199 11231 9222 14797 9718 9768 14091 14589 11351 12221 4799 8315 16557 1921 11497 5335 18075 
11336 2005 9246 4515 9845 16051 5660 10219 12585 12358 7600 11110 11436 10528 15026 14408 9447 13491 14039 7863 14433 4050 8001 10261 5038 7549 12370 10392 12565 11345 10857 14722 6895 13647 13949 6499 5097 10071 1377 9315 9467 14392 11028 14242 16664 9659 16014 13714 3894 8331 5473 6105 4403 13062 4756 8099 12925 7739 1767 5872 4696 16820 9568 6880 13117 6933 13481 13614 17452 14609 6548 8349 12049 4348 8496 3645 14320 16576 12673 11431 11633 7901 9510 8398 14352 10123 9681 7097 14276 17961 5137 12377 5377 14900 9824 15402 3112 8653 12760 10462 
14574 9705 16645 14059 5625 9393 2539 9030 3785 11773 12804 4613 10458 11334 8235 11418 16805 5834 4034 8473 8375 14721 9328 14052 5794 10236 3953 4877 6554 12360 11703 11561 3187 13472 9046 11783 6479 10573 13428 2935 5384 4816 13604 10179 14768 1905 7910 9986 3172 9504 3701 12187 9612 10684 18505 13246 9877 11705 7419 12931 8345 8229 1038 3076 18643 17613 13963 18097 3886 12809 13065 13040 4802 3054 14190 8161 9184 14348 8881 4332 11049 12528 7667 11645 7472 11673 8321 11236 18741 11242 14238 2978 8263 9455 12509 11895 6711 2976 5823 11704 
7967 9366 10151 16780 11337 7319 8873 3872 8059 5482 3135 12347 6973 7293 6044 7098 9520 11305 8797 14373 13337 12728 11382 9966 11719 8878 11585 2999 13566 14150 18905 17080 14709 8334 6623 14518 8778 7527 8588 11786 7794 7578 18300 11242 12392 12106 2950 12033 10889 6039 10585 9670 16220 16448 4167 12039 15178 2501 11284 7798 13356 12089 4783 2164 14437 7527 3322 13286 8294 14213 9258 12335 14050 15017 18478 10633 9488 13418 12209 9378 3776 8332 6830 17077 15505 11450 16691 10525 14073 15126 8464 7791 10265 7614 12608 7943 9129 10496 2487 5009 
6632 12869 7226 8160 9854 5155 7074 14828 14809 10301 5990 7509 1277 14821 9338 10147 1066 5897 18301 8293 5402 13296 11343 6972 15852 2757 9112 8077 18361 9183 1244 10351 10709 9802 13721 10304 11403 5242 6846 11062 17569 5651 8057 8071 8239 10746 9628 13690 2903 10604 13730 9350 10804 9958 6215 4604 7136 8276 11295 11228 4692 9419 6076 18835 9846 7172 8904 9668 8655 11967 11323 13729 7947 12355 10522 8839 393 11697 9952 12217 9201 12007 10200 8299 12855 15497 6751 15700 8197 8978 7951 11405 16456 5674 4502 6112 10806 13636 18794 9744 
18215 7164 6232 10047 9838 6309 10846 9095 13269 14718 8297 10557 8706 10052 4457 7664 15408 14358 9998 7841 8394 12014 12082 3707 13969 15155 12120 6308 12454 7562 2742 11754 13263 10746 8718 14253 16460 11761 9623 6849 13506 14217 12976 3184 7982 11030 2885 7039 4843 1517 7103 8196 6665 12504 8062 599 9879 5167 11296 10554 9452 12722 5933 16061 13355 11956 10820 9211 6159 3850 5013 8654 11810 12741 11219 12122 15524 16098 6551 6367 3826 7651 5021 1393 9505 6616 6506 10004 9296 10018 14906 10340 10933 17658 10656 5005 18672 8031 11209 9951 
9908 13828 10512 15194 10218 5263 12465 9534 8288 17029 10660 5436 12115 3486 14417 2664 10392 16645 10078 12795 17632 7630 10788 19269 8368 8530 8469 10205 16589 6864 6078 12369 6065 11391 11068 3612 17324 14344 10311 9212 14358 9639 10929 9822 17141 15214 16112 9841 5647 4951 10288 3947 10156 16865 14103 10503 12575 8892 13995 7570 3730 11812 9883 15336 13598 2923 12099 14516 6224 8060 14845 16395 8521 12411 10767 9230 11012 9148 10605 12170 8113 7915 15455 9140 11076 12126 9419 14544 15467 13883 11338 7428 10301 13233 13859 10624 3253 15631 4107 2403 
9290 11028 3816 12976 8532 6526 8965 11230 3434 12778 8014 13454 2171 6708 9440 1722 10429 6505 5888 3406 16099 4672 16235 19080 7342 6270 4453 5207 11216 16651 10808 12485 11092 14736 12371 9466 14882 17167 17155 9649 1673 13938 7473 9043 10836 6682 11068 1056 12373 9689 10045 3751 17239 10007 7953 13935 13590 6257 17635 15305 9927 9988 8392 15457 7441 6017 5922 17080 15370 6719 7034 17036 16296 1435 12122 7104 7034 2557 9690 8154 16050 860 1794 11042 14639 11885 2755 3374 9254 10556 11266 9592 7432 6373 9424 12436 14006 9742 11206 10019 
10298 2283 11604 1123 7971 4927 10387 6658 13165 5229 12963 10341 7145 5210 11270 12793 10836 13383 5899 1419 13970 8698 5019 8976 11701 16013 12799 10542 15536 1037 13989 17268 13943 8216 15362 4859 10793 7550 16919 10129 13964 5496 8705 9119 3013 14717 2623 7848 14328 17506 6025 1987 14234 5330 9254 7869 14967 18231 13946 10437 9173 13832 18810 10440 7853 8675 12338 18694 12045 12560 7322 8241 12745 14352 14596 12103 13396 6739 11878 13489 9679 5165 3823 4859 6485 3615 8686 11450 6550 3109 12660 6248 3862 2441 15357 12100 2603 6496 6006 8573 
15066 11664 4101 10610 11858 9605 7291 8813 9162 14593 4640 15795 16151 15006 7995 11289 4227 10149 14797 6030 10596 13284 9570 4601 5692 8351 17433 10146 5681 13769 5883 8086 16096 11238 6369 13353 9857 14841 8198 6339 8192 15041 10059 18209 5066 9789 11688 2175 10956 5889 8109 4362 12251 1879 12262 12122 16757 11665 9266 11263 2719 15673 4796 12416 8975 1777 6963 9892 10243 8982 14324 13189 10631 17225 10099 12578 12163 18415 4525 6215 5126 9152 3622 11749 3370 4967 6943 3141 6861 10407 11627 11878 11511 2497 12302 6845 18595 8543 2701 8526 
11660 1684 11680 10832 15956 8151 2397 2173 12820 8914 16211 6730 10176 3267 15195 16406 18336 16442 8778 8108 6387 10383 7809 12787 8021 4643 11308 12926 9727 10655 6701 10688 12103 15635 7284 2744 19038 6939 4043 6794 13245 17315 8147 5660 12215 13110 16981 16393 14780 16680 4032 4014 16532 8751 11064 16155 11205 15863 2585 11194 3248 6417 8315 2925 9868 11092 10391 8230 16480 15773 6484 11825 2340 11219 12375 9411 18234 921 13275 16085 6712 15230 8463 7020 3974 7915 17248 2738 15159 15010 5277 16109 14272 14063 15017 5437 13044 3447 9865 16950 
12403 8047 6533 11094 8851 16248 10691 9196 4253 1840 10232 13559 9751 11946 3752 11177 12386 9218 6623 13244 6310 3021 9299 10806 5144 9947 13476 4158 4415 5590 1140 14404 10616 12042 12003 11225 8918 7312 9622 11229 4307 7126 13097 4764 5462 7061 10360 17378 14025 461 9647 10522 12256 12446 13133 12534 8569 11733 12828 11527 7710 9658 13995 2806 13742 14259 9783 9756 12848 7066 7619 16824 7090 3371 11074 15420 3818 3719 8602 15420 3158 17425 14472 1355 13086 9461 12824 9785 9124 7996 7467 18599 13487 9961 7604 9854 1964 16769 9592 10836 
11473 14182 13149 7039 11845 6335 8990 8350 15049 5648 18780 11809 17378 8904 10270 14435 7233 14287 10093 9868 10282 7833 12522 8667 18720 12566 7807 5631 3586 16418 9470 9807 7202 5560 15274 12319 9050 8528 13445 6497 8758 8947 6515 5016 17309 3552 10261 7358 9003 4957 3796 6270 5696 5227 6129 9463 3784 9801 13485 9431 5799 11875 8565 8754 11231 4315 12587 11321 12214 7946 17047 16847 5833 10943 1981 7095 8496 3216 9676 14370 13861 6112 10849 14791 10317 4572 5975 8616 7842 5971 3088 6193 11247 8178 4818 6457 11505 5395 8418 4000 
13355 10273 12005 9506 6590 3570 10624 10936 12136 3834 10947 13150 10538 12982 16698 10789 11339 12024 9028 14013 5202 11761 2252 14880 8625 10242 9075 6294 15163 3626 8145 15838 13731 2482 11780 2865 6681 15609 5780 6576 3989 2670 11424 11327 10477 8078 11074 12379 10787 7018 13303 9916 2094 19877 14540 11570 8817 13015 15365 10071 3786 12115 9726 12070 6595 11284 9110 15450 2836 7452 6233 18207 4673 10367 12882 14637 6989 15860 12131 18326 19694 1186 8306 5519 6143 12700 16865 4441 12915 16783 11980 12066 12738 8932 14980 13801 14329 12718 10222 13604 
8848 9627 3035 9105 646 4866 11013 4294 14882 13545 14073 18545 10245 7710 15920 10015 15875 11542 16809 3653 541 15322 14186 10208 14303 6649 13622 5998 16323 17143 7421 13123 8894 13475 12034 4119 14819 10664 7950 15015 6434 15036 13913 8516 13315 10175 9065 8289 11085 10374 7232 6789 13139 11968 4674 9720 10903 10129 7466 2364 12056 6142 16988 13180 6834 16580 9724 8419 11851 16750 2511 8000 2801 12009 10165 12257 15390 13473 15255 6719 7504 12835 7097 5920 7708 15542 11459 13169 14333 12819 2920 16453 3256 16464 13413 10175 13316 10426 13104 8036 
15825 9004 14749 12915 4293 3886 2198 4302 4207 19033 6760 9825 8221 9424 16339 6440 6677 9630 1937 8885 9229 13863 3263 14136 5998 6523 7748 15945 18327 7109 3518 6340 2005 11360 16788 1053 3072 15016 8306 1652 6937 13692 8364 7252 16954 12063 3870 11445 15533 11499 8163 9027 13126 16729 18733 6071 12355 14664 4537 11191 8012 9892 7639 7991 5108 10767 9615 14621 10231 7513 4445 14943 12404 10976 14335 13590 14083 11016 3769 9983 9694 11954 11976 11022 18609 14617 5674 16548 15425 1012 12871 4583 17745 10970 8147 11040 13446 10706 12782 4890 
15652 2809 11741 10015 15327 10683 15305 4868 6713 2813 14059 5906 10680 13642 2117 10517 10894 18935 4114 7935 11893 9617 4745 10551 11489 10861 11335 12495 7865 6245 14133 9711 8783 7916 11116 10217 14470 15318 12450 9681 18402 9421 10161 14305 13137 9343 13789 13751 15796 8548 3489 11180 8724 7656 7235 17758 16105 6555 8816 10029 17735 16792 10589 693 3639 14318 10530 3961 11836 8427 6829 18352 10717 14395 11067 8254 17158 2995 12155 10733 14382 15747 11626 9141 8657 16040 9563 15701 7193 9522 9899 8470 9496 4815 8715 6426 4850 17127 12576 4775 
7412 8153 5227 9870 11329 3378 11898 7927 13803 4452 3485 16571 4959 8203 14354 10860 8047 4056 9797 10523 5251 9107 16912 15720 11927 10893 13447 7587 7432 11245 11340 10152 10772 6431 6827 9156 16030 9722 8563 9305 10154 8947 15336 5412 11365 13139 14330 8386 11872 10296 7095 9143 3933 7444 8124 12872 16447 9434 14720 9170 12463 8064 5131 6907 15166 11563 13413 12384 5563 13036 5376 8489 10378 6732 9712 9784 6240 12255 8734 11670 7923 12008 9184 10875 13088 10899 8574 11959 19097 7129 1885 17692 6991 16440 12845 6485 9298 16204 7906 9418 
12194 10190 15037 5607 4712 4634 4443 6216 10605 8759 11158 19282 7255 8513 15082 14292 18917 7625 15919 14910 2715 4780 10895 7006 15623 7643 9756 6345 13228 9634 7841 11490 10166 10360 10047 12590 4880 10249 12107 6044 13172 10680 1342 1395 1572 8466 4691 9820 6924 13826 12205 3243 10070 13909 15724 8981 13552 13853 15848 4648 7233 12531 11303 9752 5981 5638 8873 12335 13410 13851 4485 12948 4870 9609 15115 16845 8477 15780 12063 9351 9711 6106 16014 15196 17435 10246 7092 13627 18854 9301 7627 5846 11765 13512 15617 8845 15631 15736 8426 563 
6379 8842 14487 4956 12737 17351 11700 10330 8296 5721 11468 8634 16714 4593 17352 5190 10099 5137 6977 4946 6362 11832 2484 9707 16445 3263 10300 4647 9901 17717 1473 10794 11201 7451 4230 10589 8288 10279 9247 3521 9008 14329 11169 5312 6901 16511 12235 12893 13554 9420 9458 15669 16964 11030 13588 4636 15392 15302 4753 8125 9277 14524 2166 4833 10890 19113 4756 2552 11100 14747 17406 7771 4485 12204 13541 10273 8646 10512 10338 9889 6416 9582 5501 8284 16835 4477 12674 11723 3448 10410 5830 14081 12291 4509 15817 10679 10283 10062 10389 12948 
12462 4718 7291 11903 2092 8251 10554 11097 16491 9843 1722 12270 17021 6050 13340 7688 3615 2834 13381 10761 9941 9156 3952 8784 7233 12502 7037 3943 9944 8466 6066 13928 8906 14173 11168 14555 6740 17245 5946 4108 8071 12215 7178 1380 16282 2118 2904 12552 14330 17040 17357 15121 6579 4929 5993 8640 9646 12494 13104 10723 9094 12901 11387 7644 2593 1463 8755 4751 3173 12494 9716 13733 8394 10335 16411 10483 14212 7136 10345 5768 11158 9042 4818 8034 10492 13133 17525 15076 13768 6919 14226 5378 5579 9350 13192 4025 3042 12180 10158 4581 
2790 12811 8182 13665 14171 9632 5640 16728 11675 14398 3942 2261 10776 4136 8542 13005 4945 14544 11356 14533 4266 10473 9378 12513 7024 8707 15704 7253 2347 2169 8980 10253 4113 6630 3857 4211 8117 16627 1876 15259 3301 15083 15237 6068 13299 1495 3056 16568 14438 9886 6760 16512 10985 13718 10576 6832 10097 2774 10770 14696 13379 8063 16391 16045 15526 8166 6279 11556 8124 9645 12612 7744 1448 9403 10611 17193 10483 8545 6533 17476 14839 11899 9575 19794 6477 8588 12708 5917 14666 12622 5925 8358 5707 16190 10005 8101 17711 11188 10273 15345 
11933 13007 10386 12589 3059 9661 10267 4880 11715 9172 11673 13428 14219 2024 12031 2761 12844 14707 9336 11425 10494 6262 13993 8764 12448 10676 10323 9834 4829 9912 16988 9027 7958 12274 10321 11481 11496 12272 9573 2326 13759 10357 10879 9444 16630 15179 11861 17692 7722 3837 15459 6621 8881 10465 6670 9955 16359 2105 10923 5602 14978 13103 13188 12730 15784 5999 10065 8989 7498 10906 10559 13771 6246 7585 18242 15470 13661 2513 15654 8132 8152 6889 16620 16650 16250 5371 4668 5625 10627 14668 7311 19416 9573 9001 11493 3877 15881 10996 10295 4986 
16448 14878 15675 13292 5145 9775 13946 4624 9133 7723 13300 8158 9811 13083 13055 8005 3562 4187 12143 12498 9370 7976 9758 10164 14349 7814 8974 1843 13748 7608 3462 8532 8458 7437 4318 9684 5967 6738 4557 7140 9904 10190 12927 4485 12387 4005 8083 10440 9845 5114 9684 2702 15236 9186 18296 7944 9436 7256 4470 8898 15715 7355 13547 12136 9753 8590 12530 15492 19363 10444 10325 5177 10223 6124 12883 1992 8250 8186 8645 13354 19208 8053 11792 16512 13305 7949 4449 5509 14781 731 6109 12369 7009 1140 3411 17765 5422 14532 8439 8499 
14324 7755 15190 6596 11270 13378 2580 15628 4884 14415 7698 9705 4199 7591 12622 10568 8441 14306 11480 4403 4759 13601 5613 14860 2311 12234 10558 9194 4665 6503 7584 15327 10896 10661 12320 17098 13538 2848 5568 4937 10739 11841 8421 11370 10826 3669 5476 7633 1483 14631 9342 10525 5995 5356 9219 8488 8273 9832 11521 1205 17187 10749 8556 9909 10933 14153 10411 11416 10008 12003 7827 10704 12659 2807 8746 11822 7016 1343 6374 4959 7048 10376 9682 12858 7754 9273 12118 13511 8159 7841 4741 4248 8885 14073 11201 7009 8716 3102 17953 4441 
11135 8589 2805 6151 14823 15769 16559 1972 3275 4564 8371 8391 5802 12662 7774 10844 11471 14822 11372 13071 8482 8994 16386 13055 10784 8639 12089 14275 10236 4430 13979 13275 10022 13024 5495 10950 15799 7124 9105 19491 9425 11972 4013 8811 12599 18816 6724 9901 7299 17023 15268 12450 10448 15297 11143 4152 6733 11736 14342 8686 16569 17871 16994 4225 11691 7821 16314 10734 8816 12838 12191 14575 15115 9083 10228 2345 16229 8660 16484 5659 8220 12775 9357 6231 19213 9408 15250 8199 3627 8268 9598 4068 12231 4841 13412 10843 10841 6999 5013 12436 
7203 9136 840 10416 4631 10323 6283 13337 9980 12167 12819 10985 12151 4973 10634 8975 8829 7516 9383 5908 5012 9803 8250 9038 13065 6908 11501 2481 3471 15050 5083 7910 7929 7296 7446 9540 12968 15108 8005 11504 16145 6524 5702 13180 8484 10392 13884 12788 15403 15922 5269 6770 11570 4460 3365 8418 9423 2621 16959 18802 13555 12983 14968 16170 14221 13051 10461 17352 11402 8731 6950 12858 4240 17347 14455 11951 4417 17258 4240 8089 10750 6147 5462 15487 4898 10939 6149 4287 11550 11876 8434 14221 6673 9325 9148 16797 16703 3472 11864 8065 
15623 4949 15996 16391 11092 9327 4898 11068 13577 5597 12215 7979 4312 7182 15354 11755 6617 7797 3988 11500 11353 9830 15200 5578 6552 10244 10155 10490 8587 2202 7633 8502 7957 8958 2908 13817 15550 7344 10140 13698 9346 12536 15975 12393 6380 3430 6418 8002 4296 11296 11348 10991 14526 5098 10320 13613 7823 6779 2505 10088 9170 14051 6630 16032 10468 12280 12901 4701 15374 8791 15536 17419 9582 6557 16653 16493 7534 1860 16012 9555 7970 13496 12801 6392 8685 5666 10462 2983 6473 14101 15221 10815 2754 15487 4411 10128 8990 15594 14029 12512 
5675 5904 11361 18117 7292 8278 6003 13326 15612 12720 15850 7786 14154 14467 11921 4023 17665 11724 11545 13315 9122 11077 11576 11090 11879 6098 4419 7314 7734 12249 14353 3825 154 14994 9706 6869 6093 8075 13639 6838 14751 16942 6582 10132 14193 5913 12725 12367 8118 14059 14012 11627 11579 10388 10417 13645 11860 9900 11338 9380 7102 16227 712 6338 7852 2151 2116 6986 13084 12077 9192 10743 4521 13095 7219 18837 11590 15089 9382 19018 3021 8771 13294 5724 7458 10092 4363 12835 10191 11853 14029 10480 10671 5404 11537 8847 6268 17545 4105 5490 
10851 5699 6179 15512 16513 8841 9679 11618 10600 3145 3572 2482 2304 13028 5198 12782 9411 4966 11423 11959 9520 4602 8539 2331 17959 8498 7570 3846 8840 14325 7787 3667 10819 8123 11207 11845 16106 8527 13023 9026 8110 17465 16335 8491 11444 12555 6733 11321 8568 11680 12622 7641 14402 1268 14944 4336 14116 9691 1530 14337 16660 6990 1920 7366 7470 11245 13512 10674 14290 17929 12127 9996 11331 17631 8764 13352 6906 3883 6253 8481 4493 9948 5791 7913 9684 9928 10823 9239 8702 13052 9810 9418 6080 8921 15818 10550 12033 9250 10626 9178 
9540 12230 15516 14885 9756 13835 16119 12709 14917 11987 10248 12952 14505 10083 5274 5948 10288 2555 8356 8662 14403 7936 12219 6902 13932 9978 13179 12244 6887 9529 5544 8317 12667 11518 14352 4368 10844 13009 10578 7217 10807 14676 12180 9969 18050 18688 16970 10368 15454 9584 4633 9506 10485 8212 8430 10701 3160 8344 6757 9348 8122 7650 15675 11281 16664 6361 8460 13226 7030 16297 9150 15563 13537 4713 13898 13986 5452 6540 6333 8345 11016 8611 10821 10974 7018 8717 5813 6733 3499 14606 16128 6569 14295 12721 12257 12349 16101 14308 6801 9776 
12290 17749 9395 11664 6344 5269 3935 6829 8875 8893 6188 6072 7138 9781 9307 2444 9690 8006 10483 2300 3837 17126 17145 12082 10605 12967 7642 2775 8733 5919 14037 8764 5246 8822 5500 10265 15413 8604 7429 12846 6487 7465 6304 8130 6791 7539 7269 13449 15948 15454 12353 9951 5498 15315 16237 4488 15029 17750 10615 7879 2299 12186 11478 5663 8772 12973 12729 7101 1758 14742 9882 11201 11072 5892 13375 10429 11848 8239 12622 14442 8392 10951 10878 5944 10441 17208 12403 12569 11092 2904 7848 10376 17908 12479 14439 13760 11514 14535 11001 11182 
6088 11034 5284 12418 14836 9512 4356 11599 5344 9638 6997 13470 15313 8428 9115 14452 5703 13275 10156 5578 6384 11190 11766 8729 19088 13753 8513 11981 6658 12570 3740 4750 8915 14806 4024 7386 15429 6524 12144 12798 13460 10354 4739 8656 7455 15328 13582 9523 13752 10362 7681 8076 12805 6153 14844 8773 12397 11180 9089 13223 8831 6738 5964 4388 4659 12792 15937 12468 4467 9666 1602 7177 11681 17493 6190 9512 16063 14638 9838 19123 9553 16530 3822 10286 10838 5690 10286 2413 6599 11177 10622 8963 14704 8986 2646 7938 15439 13865 9141 11288 
11648 1829 11322 14431 7751 6969 11939 10301 10826 6422 5550 10022 10120 10759 2632 2624 15213 14866 17708 12592 9608 11403 10322 16356 3289 12052 4608 11065 4710 18944 19138 8146 3959 6518 16980 5946 8325 4897 2510 7659 9947 10653 16175 5344 13402 11365 12408 13457 8286 8292 11297 7765 5981 7962 3581 16546 13862 9157 6213 12163 11048 12777 11333 5589 15825 9661 8742 10383 5702 15798 9019 3820 14673 9851 12674 8908 8292 7497 2578 17852 5493 2246 19000 11461 10551 12859 13960 12073 15299 8419 14239 10282 9057 11927 5692 7853 2909 14330 13234 16633 
7540 11736 5349 6597 9836 17702 12684 14070 9214 13359 5333 349 13328 4166 5407 15763 15472 15989 10349 8606 7810 16830 3258 13713 10084 14291 7304 11613 9569 7070 5428 3908 10968 6057 3651 11601 1925 6669 15671 12739 13704 13833 14813 6368 9710 13681 16704 1873 11330 7562 13574 8919 13331 9371 3886 15586 13668 13251 6228 4330 9879 16029 6903 11016 15926 14959 11410 17183 14816 17170 8837 6952 8075 12745 4241 9361 10163 17292 4813 5160 7073 11467 8728 10567 8906 3234 9616 15609 13828 10459 10985 5813 696 4158 13953 10946 6793 13791 7405 11081 
11106 2970 11806 11686 5284 1207 3114 9212 2932 10695 9810 4996 12421 2832 13832 12958 15301 3366 7906 19153 7093 13572 8563 8847 11746 7879 6603 13541 7753 9261 16143 12282 13277 12131 3251 7419 2475 15578 5776 14265 13381 11007 17496 6447 3212 7539 12509 15229 4749 8348 8011 9824 10005 13415 19405 15275 16872 16954 10089 14276 16079 4060 799 5859 3306 8821 13203 9021 6022 9664 5381 3287 7779 11533 6054 3932 8328 17338 8605 13417 4660 9474 9190 15291 3564 14603 16083 6394 4541 11160 5930 4640 10307 8118 6332 8482 7735 5880 5871 7246 
2984 6037 13380 15825 14096 4467 12667 11824 8150 8051 5746 15592 11292 10053 4994 10099 9795 15658 6942 11905 10814 12326 7294 4908 6060 12027 12289 3912 3105 2034 7538 10982 5705 11992 6498 14278 13745 10486 9982 8006 4674 9075 12725 6898 9631 1553 14586 8260 5699 3667 10001 10952 5042 16218 11527 7653 16927 13529 12375 12494 6792 11784 10867 8626 12307 7480 3851 9457 9184 4909 9662 8492 11249 8320 7985 9639 12948 12125 11704 15731 5157 6049 13356 8667 14705 7614 7903 5415 8898 12546 5577 8271 12880 7700 15056 14163 9128 16685 10066 15367 
7732 8358 4870 16673 5213 16613 13357 12435 12661 8613 9104 14177 8156 5091 12664 10647 6973 15408 7508 13014 13515 16037 10520 7253 9736 9549 6239 6053 9910 9323 10083 8196 13820 14189 12992 4744 5598 6670 14077 5133 8085 14120 6155 2097 11086 12106 4331 9537 6123 14269 6389 11244 11221 3388 6060 6313 14272 8797 13866 9791 4373 7567 10331 10656 9528 9331 10486 9960 8815 10619 7723 15850 14813 10650 12447 16089 2677 13747 11557 16423 7420 18746 14610 9544 9959 11958 9266 5403 15155 12919 8756 13153 5929 4126 16506 2129 9112 12595 3059 9164 
12486 8395 12290 10118 12352 7116 13599 8326 10238 17338 9368 11577 11980 9538 10646 10952 8402 18379 10840 14037 10017 6976 14725 8546 9119 14625 12483 3189 6163 9639 10333 5148 10847 11606 11675 5301 14245 5799 9614 8332 6818 12901 7756 11353 8564 14088 2989 12874 3290 6532 9132 7009 16216 11270 14810 3204 8931 9114 17355 4224 17692 9356 13108 14078 13484 11635 8485 16164 5992 4771 9585 8416 6236 9824 6532 7238 8241 15398 16067 9763 5000 7511 13240 7454 15890 9208 11451 7938 19019 1900 11358 13627 8438 10428 10815 7670 3816 11410 12335 4193 
12377 6440 17359 8423 13130 12265 9873 7604 12640 7818 9561 17375 13500 4290 17785 6585 3664 2271 12677 5522 8057 14674 6832 2368 10537 8954 8865 8998 9721 15894 12697 6832 13118 8219 10007 18590 11446 11912 9696 11936 14175 11184 7728 9005 13017 15343 16960 3156 5780 13718 10990 4689 9424 11348 14977 10339 11673 5760 6759 2753 12169 4737 11012 11793 13419 11941 8868 9811 6897 9511 16357 10484 9503 14268 18262 14262 14938 10436 12810 13079 13940 8042 9914 7778 8371 13955 8458 15758 10223 14136 15141 8681 11032 5355 16867 12471 2145 7451 7372 14248 
8133 10330 5748 5140 15699 14361 9390 10201 8194 11983 17648 5341 9634 13417 11225 7992 5417 11703 6808 8057 14770 9740 11910 4240 6158 15391 15387 11708 15226 9858 9593 6872 17910 8739 10570 3261 18029 5511 16062 961 2348 8157 8565 18769 12099 14766 9758 14330 7897 15591 8615 2701 7734 10261 4658 7389 9180 3106 1565 2250 8320 18403 11040 15332 13669 7056 9749 9695 6701 3088 4350 9099 8134 13832 16607 18087 2290 11161 7871 5053 11192 12311 7560 9293 8060 12532 15142 9497 17388 5333 5058 5877 5007 10864 8377 13880 8975 6504 11158 12955 
5723 5055 12330 13242 13231 8060 8327 9355 3882 9322 15626 6574 11202 7300 6500 2749 2733 2187 5733 8827 10348 8849 1902 5187 14224 15597 3742 3887 5110 10299 14423 12434 9235 8872 14706 15511 5146 4146 4673 11005 11304 11574 12470 4038 10570 16616 11073 8417 4849 14812 10894 13412 14562 8407 10464 5283 10669 9807 10339 16599 16236 12735 16060 10298 6454 9512 3609 7264 12073 4961 10447 4255 12333 10140 7125 6061 12730 14495 2888 14848 9180 7722 3393 11103 17313 13168 13703 4831 14161 12451 9970 6005 8123 9158 3578 7448 4411 11577 4291 6745 
1176 11302 4015 16887 8119 3547 15865 12365 12046 14004 13462 16815 4484 12140 5999 9475 10430 12697 9964 15924 10643 15084 13042 9884 8545 8876 12964 16535 12854 5566 12028 12758 10684 7912 9806 2518 14798 3530 11396 5931 8170 15889 17554 10781 15012 7171 3781 12733 11011 14534 5538 13601 8292 7879 13335 11144 15736 12515 5412 9378 13074 8317 17649 6381 8221 9730 7752 15585 15342 7785 3209 10015 3137 13185 8935 5619 11697 15708 11335 9787 14387 4388 1086 6987 14443 4111 6287 8820 12259 2438 10344 5673 6504 12800 7149 11855 7538 18841 7102 8021 
6228 14071 4989 2057 10939 6437 16402 9799 1301 14970 15143 3973 11534 5423 6218 9134 9752 12918 4247 7684 13311 10618 8685 12170 15564 11262 9810 18998 13503 9838 9598 15176 1549 13444 8837 13010 12285 9666 16003 14931 11464 18927 12248 11659 12617 4649 6598 13908 13587 7417 3970 13420 9453 16055 14771 8441 14830 8229 6408 14721 16357 10645 19530 7208 7284 8615 9710 6568 3352 2718 17722 10181 10830 9867 7775 12183 8088 7833 8646 11210 3501 6874 7662 8681 13797 12617 14230 11625 13554 5022 5821 14055 9077 9743 9543 4683 14927 8782 10710 15491 
8580 3475 12929 14542 15996 8485 9629 16160 18595 8197 19116 13399 15987 8787 3422 2940 3475 15242 5155 13039 14438 18996 13240 12932 12217 8171 10536 9282 8675 3349 9537 8390 6946 14825 5365 2661 12507 8496 2584 14986 9477 11704 4390 14140 4325 5393 2497 6040 6945 8686 16437 10896 15233 14534 4077 14114 5856 15590 7922 8958 15712 10033 11343 5961 14045 15702 10244 9627 1716 7976 13336 9017 11084 10153 5532 7013 10618 7401 5905 8384 6505 10207 13117 12230 7530 7006 15944 12904 18028 10849 4896 4076 9778 6782 8561 8995 6552 9827 6921 9529 
12881 7838 12298 14149 12225 17357 11487 10931 6867 11683 12078 10962 9816 7795 9492 8024 11649 8718 18203 10631 10350 3668 18842 15102 2696 8482 17631 9786 9488 13011 9186 6319 12091 13381 17137 7408 6685 16892 8227 2998 3507 2704 11690 10132 9478 7063 7188 18377 9312 11880 9191 10436 5266 4707 14044 10065 10866 13445 15319 19707 12808 13139 5729 8604 10228 9147 5555 12450 10289 7512 19184 14535 10055 2849 9183 13131 4061 5851 12459 8402 4003 12105 5332 11633 13871 13877 17975 13927 9166 2517 15994 7122 7727 4235 5919 13382 5558 6976 16596 13165 
12310 8782 8574 1189 3579 14608 6100 5270 14344 16219 3921 9773 11579 13251 12272 14362 11106 383 4101 8917 14763 18926 14915 11458 3046 17371 13672 6508 11189 11948 17778 10191 14600 2315 8752 16440 11039 5945 5977 18882 8762 15581 14777 11003 4354 17437 15281 1097 12064 13032 11455 6953 11789 15109 17276 2649 15614 10109 4627 11565 13740 5628 11948 12131 8940 2751 6741 3850 15878 11020 4095 5711 9976 15872 12936 10393 10339 11285 6310 7183 10036 13979 5688 13014 13553 14292 6145 13159 17311 14783 14845 10378 6117 12504 9088 7232 12008 4443 9270 11276 
8465 18531 12291 4188 5855 9253 11299 7582 2193 11644 12185 8324 6470 14350 9482 9815 7842 5401 5980 10741 15605 9424 15719 16249 12740 10559 18129 14935 10622 5329 16414 532 15364 2682 4394 7953 5418 10298 12258 11159 5271 3262 12917 12749 5337 8865 13569 12568 8507 13474 9063 9727 9168 5997 13327 15124 4406 10567 5751 2406 5720 12128 9997 10294 14738 15784 7347 12926 7959 7976 16258 12476 6514 5409 7392 3361 9914 7406 17326 11008 11795 11361 7980 1339 8106 8066 3255 14946 12354 9881 5832 9417 9971 6960 7080 13418 4955 4566 13628 12825 
7025 14210 3838 12450 6791 1834 5179 7161 11743 13483 11864 12294 5274 12773 6815 16121 8174 6276 1901 6648 13597 14454 17145 13697 16472 18368 9670 17060 9584 13808 2912 7265 9878 11533 9843 15607 13853 13058 9836 6717 10256 5889 10402 9675 6058 10331 7782 10848 9598 12970 15661 5814 7818 3699 9145 15342 8536 7517 7662 10815 6688 11207 13105 5926 11175 4130 4747 16627 10012 15200 8463 4667 12818 11884 6011 11215 8234 2782 2114 9369 5263 9987 11298 8698 7316 12475 10224 9892 12644 1012 9183 8673 4719 6596 11343 12691 5647 11585 11030 6118 
10735 13620 8276 9836 11271 16830 9731 10512 13937 10800 8857 10576 12419 10616 8277 13981 11984 4701 8856 4290 13240 18033 11856 10661 7321 8852 10445 6596 6140 12680 9021 14386 12333 9694 3696 11477 2760 14536 8362 6770 12419 10055 7569 6365 14733 7859 12459 10824 12423 13510 9369 9455 7781 14302 2538 16734 10474 8438 14532 7449 3393 6250 10582 12587 13792 7056 7586 1737 17202 2169 16037 10009 11776 10094 10439 6197 7509 10700 12807 6784 10282 5764 9687 10586 15930 9326 8004 6620 5823 7617 3280 13041 8787 14744 3477 13199 10608 12523 12182 12267 
15578 9023 16264 9821 9767 5136 7706 5732 11296 4148 3951 6419 14346 13721 9565 9370 12472 12790 6911 14048 16942 12854 12126 5518 12399 8052 15645 6483 6428 14283 9777 16020 2297 12357 7413 12440 7423 15394 11182 9491 10753 10372 1655 11348 6272 12410 13113 14595 11102 15568 8985 2506 14759 9297 11457 13576 11250 18036 10867 10799 8007 13756 11983 17374 18317 11436 3462 16615 6083 7010 2967 17326 17062 7714 5765 3537 14744 11560 12130 12606 11495 13059 3571 10655 4541 12864 10360 10581 12865 7260 12424 14508 6881 5642 13351 10821 6246 10517 9942 7463 
15849 10295 12454 14863 12639 4532 5877 14303 6920 8806 9786 8750 7256 675 17365 9378 13869 9952 14764 12287 14039 11097 15670 10334 11712 5143 11421 11163 1893 8289 10641 12256 6517 7897 6669 13915 7550 19213 18298 755 7598 14666 15139 6032 15120 9925 5336 10307 11247 4971 4057 17507 9125 17954 1929 6960 7779 17764 14205 9667 12958 14637 14677 6912 15402 13054 9154 12066 6319 5596 6216 6124 8622 14725 11474 8599 8277 10698 5166 4068 7847 9938 8746 3478 1549 7868 8406 1393 7155 11642 13087 8289 11902 15267 12372 9635 14414 14914 6123 12740 
13626 6501 16548 14398 6346 12872 5646 7245 6991 6967 7856 3443 14324 8166 12363 9564 9842 14959 14544 6352 9117 3313 12674 17422 13858 3936 10240 14155 8316 10970 12661 9396 11743 6111 9988 14520 14384 4958 10628 15338 4230 8872 8539 13366 7900 15355 9253 10893 7767 13942 11123 12800 4953 14346 4716 12600 12861 11888 4194 10829 11114 1447 10921 9104 8386 11301 15396 17585 4389 9199 14378 13991 15609 10966 18606 10148 7158 11338 11886 10487 10518 14850 14292 17258 8052 2743 8586 7047 15716 696 8498 9472 11065 5756 8980 11444 14630 11265 11817 5435 
5603 11083 12607 7673 6170 11329 10901 6045 15110 8786 13886 11242 13756 13321 16347 15476 7363 6573 12698 9397 9371 8128 12345 15043 12061 11670 12737 9661 14327 7221 6761 5231 11607 10565 17155 14329 11921 12217 17954 6614 9750 11480 8778 4339 7557 4068 15800 6845 5450 16257 10749 7675 1944 6113 12887 5438 12174 7613 15185 10624 10496 7184 4355 12964 12995 16054 8903 14060 9346 9272 11399 4525 5652 10727 8979 11820 6676 6503 5412 14781 18618 7822 15197 9059 2032 11507 10167 9049 10703 10392 16553 7378 8344 13617 14547 7048 13854 5831 4521 14188 
404 6859 18151 12056 16591 12360 2709 13390 13244 12230 6637 10211 15400 12973 8232 14653 3804 5122 16042 10050 8966 13395 9707 8960 6454 11280 100 9768 12081 14308 16065 17954 2183 16761 14876 18187 9533 11745 12555 4101 14796 10237 12777 7498 5228 15428 13279 10403 12221 2949 5393 13843 10685 10039 7959 10364 7191 16395 2747 2938 17610 13367 12612 11917 6901 9727 11380 6531 7912 10766 8330 13615 12509 4269 3380 16649 7460 3480 13583 18724 5346 7282 8977 1553 16227 13751 15128 14404 8828 14211 8600 10660 10766 4019 3814 9003 3657 9243 8013 10221 
13387 7686 3653 13172 3734 10286 13121 2788 9807 9888 5682 12238 9731 16674 13766 2359 3711 13996 17386 14294 14734 7313 9203 8852 8611 7302 11138 15547 6465 8583 8771 9812 9335 11939 10720 5353 18107 13401 14286 14861 7421 7264 12959 10936 10193 15672 9808 14065 13786 17098 4141 5021 8504 11024 1655 5298 12728 7565 11185 16044 14478 13763 11490 11844 12792 13137 8996 7473 14046 10963 10556 10054 10710 15368 15621 12060 5445 5554 8752 15516 4775 15944 5894 7300 10252 11581 4167 14720 10668 8615 11496 15138 13224 11083 9982 15689 375 12645 10152 261 
11853 10844 14668 7534 16494 5568 12599 5336 7404 3424 13352 3521 13864 11876 17710 13560 11390 6827 8430 7658 11146 12492 9482 5430 9912 5610 2127 16653 8566 1964 4764 11070 8331 6096 5137 2619 13826 8486 17683 12447 6715 6277 9149 18262 14731 6706 8862 12636 18879 14535 10608 8184 10360 9985 9241 7000 7799 9765 7467 11138 9288 6185 13833 4919 9092 2963 9832 3814 12913 8680 17889 10813 7580 9310 9613 12420 4277 16027 7161 10420 8542 13573 4986 6027 14951 11475 7732 12086 14032 2772 13317 3102 8708 14914 13091 15071 11191 6839 10200 7974 
10550 10619 5595 6653 14638 14387 16549 12075 13836 5740 6828 14060 17928 9746 9177 13589 7928 9852 15159 16428 17454 8440 6378 16929 18173 1053 9513 14039 8757 10208 17140 10325 8031 15859 11999 11095 10179 9275 13025 10590 7233 7781 4018 8808 11857 15603 12679 2851 12692 16845 9278 12522 9407 8800 10577 9550 12179 6501 7962 15899 12353 15536 7407 5984 7841 6978 10899 15788 9495 13281 3759 14616 10187 8141 4732 5517 15125 17481 11243 8952 14842 8194 9154 17683 4269 17922 9246 8540 7063 10060 17390 7985 10312 9850 13535 8017 14481 10345 5493 5693 
7154 9965 11109 15023 16026 7576 9842 9621 10496 5864 9631 10007 13086 9589 10021 10754 15493 10630 5178 14342 6927 1910 13040 12102 11805 13178 12903 9345 17450 7121 18732 10829 17045 6643 5553 5827 8306 10617 19380 7849 7955 16129 5636 9367 12432 9541 12925 1897 19463 3713 14902 3902 12517 7150 9203 10428 9486 9599 11060 9278 6927 7616 5121 3625 11132 12754 8603 8820 8886 17348 6870 11457 18940 9938 9809 5697 18283 4067 13829 12262 6961 9163 13913 14860 7625 11806 13115 1651 10137 7803 7942 9949 17902 11416 7327 19122 11607 1292 11784 12887 
3295 8456 6407 11783 16078 7895 9776 17689 8629 11613 6333 11307 1305 10520 6013 9181 4913 8862 8535 17147 16405 3182 9238 11012 13444 13061 3830 11533 8103 6516 9495 18891 6753 5528 6105 9131 13487 15415 8540 8878 4655 8627 11821 13201 3482 9973 17116 10362 16113 15622 6456 7544 16991 15604 12572 11970 14347 7134 2091 15595 19292 10907 19667 15675 9904 4844 10273 11073 16552 12981 6930 14230 12401 9467 2691 10060 5839 8341 8839 12702 6914 5694 8060 12970 10753 3270 602 15335 5869 16341 5198 13492 10528 6463 11500 7471 11299 19006 8933 11863 
13188 8049 7449 3092 13686 5679 3514 15517 15346 17093 12057 8793 15614 5124 2754 3437 15049 9863 16846 14590 8163 1242 3797 17086 2831 12292 7656 14907 10008 8324 8025 8137 10053 10884 14626 11940 10442 4561 15973 18375 10228 11662 3082 9803 12809 4634 12981 8107 5519 9078 5954 8741 13744 6106 16382 7515 15108 5918 9598 11794 15886 15065 12288 9296 15236 14536 10161 9039 11736 6595 17650 14179 14049 14221 18591 14284 8001 9198 12011 6610 2772 10023 3007 13638 405 8426 18297 9232 11466 8139 5863 13827 938 13850 6265 9244 12204 10072 10318 19883 
6267 16890 15698 13241 13547 9850 10539 12266 12296 9810 13465 11710 8766 10851 8616 9600 10455 10278 5698 10477 17685 8703 6759 15849 2822 9229 4083 13445 9008 9193 14853 6040 7363 7572 14397 6390 12349 6732 12340 14895 9402 3577 3667 16403 4159 7656 5706 14971 11148 8944 6868 17037 9246 5378 1986 12087 10685 10310 14565 18044 7368 16439 7815 6582 6244 6409 10933 5648 6659 17761 11025 6644 9223 17320 14902 3167 7899 9313 9102 13982 11716 5614 5979 8642 10902 16061 13512 15861 11777 12893 7352 8825 9019 11195 15198 9347 18619 11508 9108 10571 
15288 10485 1994 4353 12181 8003 9906 15810 11397 14536 8136 7746 10980 6873 3458 8500 12680 6010 7570 10195 3486 9971 17592 11488 13244 9993 3895 12730 12133 8580 8918 7059 8660 12780 8243 17709 8047 15205 6899 10362 13429 16907 7256 4142 9173 18747 8096 16199 5922 12491 9316 11757 8529 6075 3809 11435 11692 8678 13389 7373 14692 8267 8526 7919 6037 7408 7128 4530 2446 4345 13762 10154 8902 14787 12245 10958 12262 15879 15602 4411 6273 12775 2854 17439 3089 11534 11513 10038 14696 13325 10246 7596 14351 12657 9075 8451 8442 16292 10195 6038 
17240 8816 13558 14851 13635 13706 14549 5552 9170 4214 2777 12320 11108 16940 13326 11030 16204 17203 5154 6862 3123 14732 5616 13954 11555 8820 3649 13245 11034 14198 6483 4193 11031 8850 4030 2373 11047 7112 1821 14383 11843 7697 7169 6592 7526 6468 13386 5900 10646 9738 10953 9830 8291 9704 4814 10712 10353 14303 8345 5304 5507 6596 9253 7891 8764 6143 11262 15112 12201 3748 9919 14845 5858 12113 9990 12429 9721 15537 10659 10812 10483 4244 13795 8453 9765 5225 6766 13768 8963 7636 7706 11918 2213 7118 7197 14076 14402 9126 6427 10622 
14001 8421 19059 12049 4399 5619 18527 8456 18618 7099 15427 7175 10849 12480 16363 10578 9248 8980 11492 11366 10727 13153 12739 4679 10168 11758 1261 9182 17451 10393 6659 16475 12619 8456 8360 9000 14319 9111 10661 2104 5723 6269 3820 16158 15351 9403 14858 13705 14828 9182 3295 9370 3797 7735 18348 4927 9812 9770 14798 15289 10888 10866 15573 9813 8221 13059 12044 2627 17024 10589 10458 10405 5718 4678 2530 7513 6749 10029 10812 6566 2336 13245 9000 9287 6753 10154 4263 8879 12133 10411 11596 8648 8585 14760 17212 13696 8864 8273 15614 10689 
7190 13719 15320 9888 7801 12205 9119 8794 9098 12555 12384 16358 13035 16253 12136 11009 14494 3659 11875 11997 8684 11191 10573 10859 1521 8246 15466 11842 13979 12707 8691 9978 12198 2223 12434 9150 17830 7693 7895 10288 4438 15156 11044 10073 9164 10088 13039 7139 17355 14587 14879 4953 18578 14452 6195 7392 12206 14544 13532 11699 4211 12998 9669 15999 5720 9214 12391 3773 6489 5907 13548 4236 3225 11016 16817 8256 13027 7078 9805 13242 9272 1625 9067 5234 10210 15332 11641 6883 16350 1464 1009 8374 14706 8293 11937 5664 7341 14310 16766 7019 
5359 10199 7211 11183 14384 6170 8460 7388 8724 7717 8753 16755 10877 1930 11985 18917 7839 9005 15133 4942 432 16633 6007 15023 4243 5399 13562 919 4581 11537 6642 8083 13095 850 9535 2373 13104 9802 5112 2562 11265 14587 6230 5410 4680 14409 9872 16384 12853 14957 88 10734 5937 12299 8609 11062 6809 8840 6817 14432 18873 8063 16364 11646 12746 6471 13974 10038 7833 11861 1365 8823 1921 9321 4540 13222 11154 3683 16094 10449 4183 6509 7166 18364 13314 7811 8441 6357 17268 12255 11186 7672 9864 5944 7039 11538 17215 9702 7121 15765 
9160 5388 6169 18886 14959 5447 7869 4640 15087 5477 10774 14665 7374 8804 7774 9953 10516 10851 7508 10516 12323 15359 9061 12110 15450 11786 12448 6019 17420 6220 991 6294 12252 18644 1866 4684 11505 10649 6312 15385 11294 8473 6698 13409 8664 12969 7260 18964 11046 11796 3945 9011 9517 8837 17621 13082 10137 10843 15377 8549 2798 13850 11337 11513 7290 10172 13101 12891 14872 9547 6417 13165 9682 4999 14045 9125 9668 14612 3877 4967 3793 10804 11917 9973 11189 9077 11247 15832 4054 6019 14109 5737 13351 10276 5200 5008 12011 7290 7031 15493 
4621 8167 6182 14426 6837 6230 6762 17381 8578 12489 5126 11116 6494 8182 11255 9170 10427 11865 13521 9402 10275 9130 4790 5306 17201 7364 13338 11476 8771 18284 10146 6013 5737 4061 14336 5645 11247 12892 12377 9048 6817 9052 11415 15946 7843 8296 14032 9177 12361 10397 11327 3522 14312 7223 17985 15502 9668 19662 8926 10875 7669 9109 13357 7482 8164 14192 7058 6339 9452 286 11996 14980 3284 11717 14153 8633 7276 15765 18290 14418 13325 7598 11305 5804 13520 14384 7455 6452 13890 7263 18910 13480 12320 11362 13102 13822 9517 5953 10902 4866 
10151 7651 18859 18642 6516 6402 12690 6746 17546 10231 13692 9199 11316 3014 2856 5669 14019 8728 9797 14277 9029 4510 11691 11770 9355 13159 11983 7409 13825 6987 17028 14971 6580 11478 10444 3976 2974 9305 9978 7340 8943 17932 6616 5108 11624 11731 9526 8976 11702 16282 12896 5681 11129 9707 11048 10285 5689 17333 9495 18083 7832 14406 15020 15061 8045 12862 9233 10730 10839 2002 13647 14693 3931 7555 15729 2606 9932 12296 12617 6763 10143 11991 7202 11481 14843 12138 9030 6354 15153 16717 3723 9961 4714 16429 6063 5805 11689 8906 12155 14073 
8911 9714 7667 9741 6897 11684 18763 12009 13024 12565 7588 12732 8147 15976 8287 6848 10940 9735 4638 18412 8773 15619 14300 4582 10247 6737 10593 6879 15532 12458 10716 6138 3663 5983 11307 2146 16112 10163 13758 15961 12721 11536 6591 9219 9247 8880 15896 8032 16562 11694 3618 5930 15451 16463 1893 14340 5606 8084 6514 4732 3379 5626 8138 10384 7936 12661 14537 6458 14727 13690 14283 6070 7985 5636 10857 17015 17355 8168 8492 2825 13315 9001 9288 11114 7479 6508 2369 7141 6346 9218 11745 10063 18058 16240 7388 6374 2949 8042 12871 12138 
11264 8964 10824 14786 12780 1464 7047 10612 13384 16201 11918 2114 9288 6827 8822 5167 16668 11408 7403 7610 6184 15128 14522 10755 10775 7837 12980 15081 9100 14342 15692 10887 6984 4091 7860 12062 15773 6578 10026 10091 2835 9662 14693 7425 12495 10495 7526 6908 10979 3152 15075 11078 8406 9267 7920 16271 8650 2461 11968 5435 19474 11768 19485 12962 12626 3948 5844 1982 15843 7263 8703 5574 5838 6276 10342 13105 11056 9424 10851 6517 3064 9886 6929 11089 7018 6281 9848 9598 11203 15385 15122 12746 11874 9006 3496 18275 18793 11023 13576 7502 
11039 8841 9755 7692 15068 6991 16889 9051 2485 10189 6113 10535 8990 12309 16781 11525 14005 11747 7229 5032 7604 13466 7636 16315 1991 7838 3094 5267 9845 6955 17032 15610 7840 17886 12947 8201 11241 13197 10511 5726 17635 16749 15701 11840 17362 12439 12140 1928 6163 6995 14372 10278 12921 6900 11202 12734 3273 8684 3318 11745 7786 7756 18965 9921 2201 10758 7788 9826 16084 6410 7789 9100 12045 11568 3500 11181 7698 10131 2632 10041 12117 11448 14509 13566 7131 9120 12769 8039 4479 2319 15535 8971 7559 15231 10561 8992 6356 1434 7039 8721 
13966 14783 13989 14251 9553 10979 15020 11906 14238 4837 3770 7504 16906 11750 11340 13607 9263 5597 5291 10807 8847 10570 12269 13011 4928 13741 7832 6887 12472 6241 12709 8900 15826 7920 6261 16781 10500 10309 15828 8152 11457 6644 7793 4227 9079 8698 10573 10438 10642 4783 11866 10002 7720 11335 3988 8525 13661 6129 12573 17135 3808 1914 15791 8412 11675 11430 11870 11935 6977 13575 11772 8454 4824 6405 15560 13183 11835 10998 12239 18383 9128 5872 5992 16221 12695 10051 9329 12098 13357 10879 12487 5164 14448 1705 9155 5805 11555 10354 15946 8958 
9736 7287 11499 14575 9837 10632 4638 14873 17106 10612 2359 15483 13682 10183 16794 7617 12402 15015 10708 11309 4633 6009 4961 10639 13926 15298 15202 11987 6667 16619 7652 7062 7326 12051 15208 12767 13421 4135 10826 7746 1619 9683 14206 11339 16097 10927 9371 9900 16754 2793 13386 13344 7243 4282 5694 13148 15178 10310 10604 15398 4443 7469 11114 18081 11850 17017 9673 7848 15620 15556 5507 11811 10529 13484 12992 15125 8275 8622 10372 9595 5513 6536 5495 2076 308 14699 12055 8407 4926 15500 4928 10718 8901 9691 12364 8285 14246 9761 15481 10351 
9905 13044 10300 15565 4108 11513 2107 3461 17220 10756 11047 11766 11876 18835 10951 4222 9067 17023 5910 6888 9913 17378 17522 10754 7266 915 15408 15122 9858 9260 5825 11464 14856 11762 8376 13468 8581 1587 14966 13110 17668 14387 6636 18230 13066 11834 3552 13457 4632 7668 5843 15216 16230 16564 12364 14334 12953 11276 13326 14132 7786 4919 14433 16861 10839 2737 5317 5506 7718 17244 11207 17122 15766 13721 11108 13071 2656 9887 12726 16928 17299 7754 16523 9367 16816 8863 16684 9765 16054 7574 10902 4663 3586 931 5464 9257 9442 15292 7553 9922 
6336 13378 9362 13199 8456 8069 19077 9833 14638 14057 17880 9124 14576 10182 10529 7832 8412 8570 16359 5424 12104 9401 8923 2733 9589 10306 11390 12610 8416 7355 12993 4923 11326 4672 15795 3888 11706 10289 19150 11993 10757 6160 8950 1128 7086 12590 7669 9986 6118 13346 10561 11787 13006 16365 7879 11416 16061 12933 9984 9254 16301 5345 13356 17528 12895 5271 12084 17156 9587 14395 14205 2941 3136 6938 12869 2771 7285 12654 14867 11056 14238 5828 5041 13619 12749 11481 10072 12184 8357 3375 10630 19274 11454 14716 14056 13038 6837 15624 8726 12777 
11145 4554 9306 4308 12483 11200 13732 16053 17686 10804 10198 11625 9186 13502 11428 18288 11045 10711 11962 13772 10029 3352 4882 13411 16630 7363 14721 17427 2189 11794 13843 10895 8362 4494 18548 10446 11376 3714 9439 8765 11008 12233 6334 10775 7450 9978 13403 8620 6001 7767 7310 11160 11012 3486 18130 11378 4932 14383 8620 15451 9892 8811 14382 4130 13119 2023 11926 14462 1219 13870 14817 14359 13056 5862 12016 7669 8616 10170 13231 4484 4886 8907 13345 12385 11145 12461 11026 8984 6228 9781 9189 13070 10774 3935 3206 8005 15652 9763 8656 6677 
3563 11357 14285 12723 4388 7337 4476 18168 13155 5655 9138 10131 7460 6665 11079 9494 7408 13756 8935 16314 9768 12323 2885 10631 3419 17318 6216 4380 9456 7624 11203 11820 11709 11423 10325 12860 10022 6178 6443 15862 6921 15171 7693 9118 14354 16360 17233 11925 7598 10323 17191 13848 4234 2671 16000 6552 6800 13640 7903 12667 9501 12821 1115 4774 11655 8429 2519 4589 10756 9035 830 8824 8450 12534 4991 10129 8769 7073 7809 10611 6184 8965 3748 19443 3354 2401 9067 5644 10048 8391 12450 13059 3961 10066 11404 9078 2032 12127 7196 3794 
5599 3365 12914 12614 7874 14696 15889 4421 7324 8409 10600 18550 5185 9365 8267 4228 7552 3196 10634 5672 14325 8773 10781 6446 13833 10973 15377 9438 10356 9302 7249 10499 8010 14793 9993 8048 4245 8490 2555 13804 8194 13736 6869 14177 10520 13883 4011 11252 10592 13504 17750 7363 8679 11109 17151 2932 813 11559 14218 9830 5471 11184 16376 5111 14436 11506 6601 5872 9292 16939 10866 14914 3759 4817 8863 7602 5703 16515 10265 14789 8863 9812 11343 7641 7207 13243 3100 9323 11442 7369 16503 13324 3379 16134 13683 9701 3643 15942 15400 6647 
11359 14175 16957 6422 13483 14416 5228 5304 9911 12969 10526 4047 12921 14367 3286 9986 5221 15859 3144 16190 12592 3294 9491 10441 15596 661 7653 10565 14147 13210 7603 2951 3128 14973 11115 10183 16388 7550 9674 15941 10743 9332 12853 5195 13006 4395 14211 7462 6139 13721 2381 12532 4197 9262 7930 17813 5139 3935 7515 15708 18312 12663 15844 5217 14382 7215 10022 9529 1838 7878 14879 8018 9546 11440 11454 11581 11286 4177 14836 8674 8066 12302 7176 1305 7229 15240 12413 17341 8906 7047 7600 10840 13572 8374 14186 3683 16667 8012 9163 6929 
14739 9066 8987 11798 10902 5428 14618 2265 10988 10340 10868 12342 6583 12728 12859 12149 11490 14403 9842 8740 13357 15484 9063 7744 11224 7617 6727 8149 7278 16993 12492 19732 3537 19810 3280 11513 6549 15427 11860 9830 5087 2322 18365 4997 7275 13357 15372 3168 14057 15403 6453 11281 14380 8253 14082 9381 8524 13159 11385 8459 11759 9566 6382 10601 13954 14497 5521 4163 7008 16147 17118 7405 5009 7207 5135 14851 6175 10734 14694 5532 6719 3368 10996 16959 6366 10309 10539 12219 13878 3549 10257 14988 9900 3535 2319 10463 15470 5725 17966 17092 
10929 15363 17477 7695 6089 3989 2452 14733 10914 11387 9985 9307 14452 8628 11164 4998 11521 12513 7628 7971 4998 17740 17722 2770 8377 13266 11606 5254 11970 14585 8333 10833 7160 14690 6376 15738 5747 10972 2243 8074 11055 11530 5202 5827 7142 11680 6808 16593 3907 4345 13888 15900 8707 13072 10741 11249 944 12577 18345 7142 13091 6782 8998 8020 8668 9554 4365 3224 10826 14124 5589 5235 10096 10150 10869 4959 11050 12021 7566 12085 9947 10766 11366 10675 11400 14003 6824 13037 7888 4430 9125 9264 10053 8977 11966 8612 7059 12277 15739 7032 
8394 7807 10658 8399 12111 8209 16110 13656 12822 6790 9342 6137 7442 10397 4692 7872 4829 8341 5904 7430 10089 15393 7426 6227 11034 3277 15327 9817 9635 8645 362 10220 15601 14034 10300 7434 10976 4140 10521 13143 7651 16402 15632 12202 7597 9325 4827 13430 9209 13581 14017 9389 11438 9301 335 10143 3673 8255 7650 4566 5225 16042 16737 4786 6335 8609 7725 9508 13426 7375 4641 15369 16846 11317 8557 7484 10607 6129 13356 10737 13821 1751 11630 9849 7489 14306 9834 11534 8687 4021 10332 1567 8701 4068 6018 4295 16777 722 7542 11684 
10973 17710 12222 7010 16600 10907 16517 11026 4741 14465 11567 4389 14884 11400 10615 2941 12257 11555 10848 11870 14295 3209 10063 14502 8947 10375 15346 12943 7532 12305 15718 6838 5782 5072 14501 7516 16559 6570 6780 3956 13892 2009 10426 9714 2038 15624 5924 3814 14746 6625 15586 15516 13622 12088 11932 11836 8287 8891 8581 9164 2958 6265 4804 8518 16914 10773 11472 6199 5468 8166 10968 10855 16004 14152 8283 14467 11581 11435 10310 15239 12915 11155 8999 8489 16309 16342 10621 2711 10236 6086 11210 7882 8628 12996 17106 17561 4449 7201 7497 9724 
9107 7778 7577 7949 7105 13886 10586 14199 11649 9941 15989 11318 13719 5204 12402 12628 4788 12050 17630 17063 8511 7354 9529 14884 4786 13132 9557 11263 10392 5171 9532 11451 11830 10589 8976 5928 13292 9027 10326 16254 11282 15873 10243 11300 8344 8398 4305 8027 6383 7355 13407 4367 15406 10382 5496 9834 14899 9337 8587 15487 10509 12865 11977 8408 9146 9583 1339 8587 9850 16200 10195 9394 5064 15358 7462 5057 9696 16143 6587 9033 13625 13334 8706 12154 6975 8334 10351 12702 12196 4160 9856 9924 9241 8120 10607 11928 4521 4620 2325 10059 
10056 11005 12173 14684 11276 4234 5120 9927 13564 11602 881 4745 8141 8607 6700 9969 17781 6529 9438 14889 4718 11587 14924 8655 10570 5223 5469 8670 5418 16633 3949 2264 14656 4673 17106 11514 10138 7748 10340 3978 8076 4498 16687 7487 18033 6089 6359 15338 4043 18723 1331 10794 14108 11046 9905 7374 5564 5214 15421 13523 12329 12230 12165 16982 4139 13553 14767 14592 11726 7973 11020 10836 5973 14053 3129 14641 9349 8453 5401 8886 8664 5132 11233 16366 9736 5972 10296 5896 4145 10057 11460 6979 5312 2096 7512 7832 18114 9384 6637 8309 
15511 9794 4894 2907 9148 5245 11885 10493 5149 16565 6475 9415 13677 1393 5972 8316 13111 11016 18428 14754 10557 13518 12021 11402 13455 6763 5868 8177 12557 5090 14914 6958 17163 15727 9365 6374 11391 11433 10191 12095 13106 14837 8330 4271 13794 12070 13936 10170 4809 13467 4541 10182 11203 9097 8534 15772 10596 15682 9539 12638 9759 9302 14255 10868 18729 13669 5387 9876 14915 7028 7055 3594 10941 6538 15930 15020 16587 14665 8842 13298 8324 16846 10220 11304 8336 4383 10722 11653 9459 8998 13486 7297 11865 12770 4433 13471 4403 5134 18227 9726 
5158 11802 7707 8280 4449 10833 8683 3750 5912 11368 15768 15249 3033 10624 13131 11076 6106 15152 5367 7762 18368 7225 7310 4931 13248 13203 1488 1177 19250 4387 11619 5095 5497 9391 6210 10647 16301 10466 8902 9461 4008 9112 12517 5871 10391 7172 2895 9778 11782 9772 3743 3021 14494 9260 7659 12275 3904 19150 7969 9860 5383 8847 8294 5420 14099 13351 10375 7077 14750 8377 7879 6841 10734 594 9713 8405 13588 11702 8974 12450 17005 5867 13076 7667 17931 10020 4729 4219 5852 7712 12699 7764 11895 8824 11404 9841 9407 4252 12529 9420 
12122 9436 7054 9970 7821 9108 8697 7799 8092 9778 10232 15381 16630 10966 18440 4244 5895 10819 6756 7026 14108 6774 10611 10212 4208 8224 7391 9554 11413 9754 6938 10004 12923 7577 8768 8656 12604 7747 11672 10917 10970 13402 10694 8309 6426 5967 14169 14879 18382 14397 3807 11439 9672 12653 6322 8028 11328 5026 4112 4808 11129 5993 7881 7093 15583 13650 8667 9461 13771 17158 9134 3223 12759 2202 9190 11756 3560 7208 11501 17801 15254 10850 11256 12839 10268 3771 10612 5649 18429 11989 12602 4588 16065 10634 11909 13038 8150 4991 14552 7924 
15144 4285 12861 2726 8971 12450 14431 8135 19655 9802 9843 10962 11858 13474 7013 1276 9440 4057 12143 8644 2142 3549 8679 9113 10739 13670 10602 1086 6493 2988 9697 10587 11959 11378 4834 7500 11570 13022 12426 6615 11046 12293 8072 11966 7362 4264 5459 12414 8856 15810 7225 2990 10657 14199 14167 7432 8319 7752 12921 9789 7030 5572 11605 15661 4524 12372 16661 10063 14759 15072 17618 15401 3754 5605 10440 11158 6111 5188 15761 16275 6022 5901 7226 12364 13419 8705 18761 4182 12428 5083 9039 15615 9741 14791 11106 15065 19046 736 15904 3168 
11348 9728 10682 3065 9302 9743 8098 9410 9181 10159 13931 13688 10092 14147 3553 7416 15236 11646 5609 14519 8942 11007 6287 3315 13319 11924 10961 13006 5134 10738 11712 5527 11047 7811 13787 12166 7902 5760 8060 11466 10907 12043 7766 13293 11213 11136 11446 5037 6179 13646 7002 15651 5661 15130 10315 9437 6444 8918 7488 6980 3125 7562 9610 2997 16038 9262 9420 15516 11448 17178 15269 14331 5688 9144 9065 6036 9426 14706 11901 9039 2968 10304 8775 10521 7790 10542 10169 14224 17545 12281 9764 15181 2126 11828 12682 13238 10430 14807 241 9434 
3637 3160 10304 9624 13714 8115 7277 5763 11163 12579 9895 10678 6312 5277 9580 7571 14960 2164 9090 12853 9401 13468 12714 3630 11713 15294 15907 5177 12151 4238 4389 4669 6264 9609 11204 1644 8728 8298 8873 12639 3080 7552 5588 15670 6866 9233 15383 17954 10108 13356 6557 10060 6398 10363 11298 4010 12320 17631 10431 12725 8280 14567 4233 11429 9877 8891 8110 10852 16137 6853 13438 8732 6260 5306 10752 9352 7229 5070 14044 12221 5804 12832 7177 17222 6410 14784 14783 8172 5217 9868 4334 12952 4321 13983 10672 3034 17629 10014 16024 7572 
7158 5865 11877 12690 5021 8596 7039 13388 5132 16516 10727 7865 10336 5037 6310 7114 10693 12415 15880 8359 11979 6758 15240 10695 7150 10414 8416 9022 10700 10824 3167 11680 9900 13513 14079 5802 17507 19288 8032 15435 5045 18344 9774 5336 3599 17438 8317 8435 8748 7815 11270 3791 9879 13092 16652 6584 10056 11819 11636 2185 2912 13006 15296 4745 12805 10913 3202 11847 6924 16878 7638 14426 14509 6077 11079 15934 8439 15116 5329 13720 4979 7733 5970 15510 6742 16044 8020 10922 789 9153 11194 9802 5367 4090 9907 11589 16119 5473 6069 12974 
8199 4922 13041 12600 13845 13706 8613 12937 4682 11200 16455 3799 10986 7959 9900 13362 8578 13588 11843 11703 6778 10177 9630 6612 5165 15865 13007 8333 2746 11042 13420 9467 14130 6458 8397 8554 4058 9116 4309 7367 10070 8270 13955 4600 15716 12863 2099 10610 8554 10516 8634 11935 15356 9759 7852 10828 18282 13157 9487 9277 9925 5716 6136 9240 14520 11930 16861 9851 9648 4427 10431 2763 14758 12724 14271 4703 5580 13648 6652 8031 12236 8431 4040 9078 11114 12316 10945 1155 12193 8614 19152 9763 8115 12964 6250 12236 17992 11204 3720 12016 
8652 9010 10036 15341 12536 15540 5129 3671 13263 13047 10267 16511 14653 4460 9702 9772 17743 10116 13495 13329 3499 6394 9229 9990 13723 11494 11840 14202 9880 4509 12907 9017 4922 13309 1744 12351 9326 11330 8749 13131 11228 7543 10806 11356 10918 11197 13708 14702 13825 11863 16386 13606 9512 11177 10431 4357 6159 8495 3250 8557 8354 6727 8985 14694 9379 4004 10393 5079 10650 8892 10708 12472 19293 16294 8292 11487 11759 8298 14191 4734 10998 14069 11252 18489 11461 7583 8872 11376 7142 9619 2166 12385 13994 11644 14765 8801 5964 1972 3862 8183 
17277 16220 409 9948 6844 5074 16863 10102 13226 11412 6230 7849 2220 6612 14261 13788 10103 11822 15487 13632 18616 12937 5414 2389 6695 13337 12219 14236 7469 10882 8430 13058 9530 16988 5667 7857 6391 8774 10146 5910 10327 12637 9931 14525 9473 1340 3944 16786 11082 9946 6819 10835 8967 6893 6720 8856 11869 5944 11127 12289 4423 11023 11457 5925 16768 10463 6116 7003 18186 6051 10510 12791 3392 13173 9140 10120 11247 6367 10549 8439 14718 5977 7037 16702 6881 2796 12344 6311 12959 16816 8882 1389 16477 12479 5564 17607 3382 13044 7858 5102 
12223 7149 9714 9678 13561 3689 4238 8297 8119 3485 11167 7296 7063 11129 10623 12242 12061 10236 14046 8968 2371 7648 17626 8732 8428 10975 2902 11226 11312 6245 11810 16289 11771 11939 3049 10058 8928 10516 8702 2043 15268 10096 5694 11368 5959 4907 11640 4730 11504 8152 10638 10620 3401 17138 15725 11153 1599 7951 1182 13097 19039 10278 9051 5918 4573 11535 14732 10300 8019 8557 9878 15009 10383 7008 11242 3802 15268 2447 13882 11709 13621 13945 16527 10968 12640 12718 3399 4120 3098 8808 11479 6799 8981 17180 11265 3772 7999 10205 5425 6638 
11381 9531 6993 11209 13186 4472 8144 9030 17172 15694 16954 6982 5731 6365 14139 6784 6509 10147 12782 17457 3941 10848 15187 8003 4212 7959 14196 15744 18610 7924 4627 17428 12409 4085 6682 8293 5529 889 9660 14961 7588 11234 10740 3371 12157 12362 14111 11839 7727 16010 9174 13170 9135 11093 6455 6115 12385 12812 1373 10945 7278 9794 15875 12148 12055 18780 7755 9705 19014 9003 6031 11863 8330 2943 4498 8852 10212 12319 5454 5481 5265 8543 5684 9344 8012 12967 5247 7918 13715 9537 9223 8564 12114 14258 13566 9961 438 15613 14806 9291 
14314 4501 4149 6618 16451 4166 6334 1995 9811 4957 17087 4447 10752 11041 5081 12829 12070 11988 8253 16157 9966 9852 2511 11214 14006 10906 2230 15180 13776 11113 8895 6926 11254 9066 12885 8770 13248 5856 13751 6101 10611 9716 15105 6072 6893 10516 9523 10765 9137 7144 18743 10402 11258 11547 19239 10338 19258 12053 10613 13744 3043 11912 14532 17563 18298 4488 10503 7742 7156 4960 13512 10976 6585 9485 6167 17122 16461 12066 549 12312 9297 15967 13869 17681 9562 7522 1666 11095 9469 3911 3698 8132 6885 14408 11319 14925 12940 13996 15426 9620 

time sequential: 5.569
time thread: 1498.537
