6480 9346 4449 1412 8388 1424 2328 5175 1852 1859 1940 2069 3332 7333 348 7773 6630 201 8891 6906 1611 7866 4049 2997 25 7164 5173 239 8300 1868 6775 2544 9983 365 9053 3458 8361 467 4221 5795 7610 3405 6713 8808 6932 6758 5240 7182 3926 3316 1292 2213 6282 5703 6936 1249 1168 2075 5445 244 4356 8580 5984 5490 4433 396 4039 2016 7437 6096 8503 7214 2077 8234 4962 9125 6133 3207 2244 572 3463 2751 3181 2700 9739 794 5231 5527 6783 5435 5604 3869 8833 1236 8007 8410 190 4401 1865 9742 
4815 1514 2440 4331 984 9497 1073 539 8218 4581 3684 7541 3428 7762 9927 9096 9260 4946 4765 4466 8803 854 674 9739 2867 5876 5655 9987 5143 8007 6626 9508 6489 4208 3996 4317 2666 5807 419 5391 4220 8885 2874 6235 6871 8459 8379 8124 3026 6704 3616 490 2326 4300 2307 3086 3331 6638 189 3564 345 8550 8404 999 9188 5384 6278 4599 8399 5814 3789 4150 4691 3163 2948 3146 8507 7205 5025 6965 2235 4552 6969 195 6559 4393 4176 5766 5677 8761 4437 7957 4607 6094 5770 9203 1403 4689 7502 558 
8469 4147 6942 5689 4599 3222 645 1688 1494 3255 6288 2359 3704 1505 5560 7209 8774 798 3298 1716 8127 5144 2252 7961 566 9910 3793 3227 5980 5660 8852 8724 3160 9226 4893 4820 2600 8249 5238 1745 3224 1756 9571 1438 5049 781 3440 7888 1701 2761 141 8843 4864 3208 9290 7967 857 2048 2802 5201 810 1319 255 2552 9769 9125 6204 9234 2312 4776 6631 5169 3035 2437 6324 1381 8064 9754 3750 2271 1403 8633 6259 8281 4749 1686 6280 3389 9204 1680 7594 1656 6857 8374 9599 9805 29 2028 4852 2357 
7422 1955 2137 7243 1506 4993 6227 1125 5304 2544 537 8304 3201 2492 182 5656 2900 9994 6258 6490 5798 4995 8581 8537 9389 4674 7382 1933 6563 7444 9009 9158 6852 7930 3447 9784 1408 1153 1571 7556 4681 7437 8392 4969 2552 8494 1676 8967 2524 3787 7968 7611 8810 8876 3522 7851 6276 1565 5942 3130 6039 5932 37 823 7114 147 108 5680 8166 7958 1295 7594 8677 8482 9989 4096 564 6374 9303 9057 212 1109 1724 9016 7152 1869 8759 7627 9308 7758 2933 203 1096 5108 2979 676 3679 5424 620 3336 
1110 3638 1281 35 3470 2891 3287 7052 7703 1094 1967 3974 659 8811 3562 5257 353 4156 9932 16 2635 9642 5243 4890 6036 442 3967 385 9381 9158 821 8092 5333 1412 9599 3448 3647 3836 5424 4534 9254 2727 3618 6067 773 5988 2382 5613 500 6473 4779 7265 8647 6803 5123 460 3620 95 2221 8511 673 8872 1999 9929 6364 1506 554 7949 7440 2448 6810 8516 6690 8991 6524 8259 354 7270 2317 6478 2824 5743 641 5150 8968 7574 6675 6651 120 2948 645 2023 7559 3933 3056 1088 1176 4573 9545 2954 
9967 3289 5858 6359 5454 619 6333 2491 5683 5107 3091 8859 632 8894 4060 4029 5586 8826 4684 2006 3918 9038 6015 3308 9271 7876 5649 2175 6809 2849 742 5905 4196 5796 2406 5031 9280 9548 7604 6115 4766 7921 8899 2933 4685 1596 1725 1389 3310 910 5456 924 2507 6369 4899 252 1388 5061 1403 8879 8643 9476 1626 8515 8583 6372 8810 2245 4490 204 4081 5363 4637 9235 6080 7310 6457 6500 4421 253 2939 1776 4271 734 1258 44 1740 1212 1543 6202 5680 8957 5113 8124 7476 763 9597 4427 7550 2194 
2055 5295 6857 7337 9240 2032 2741 8954 5234 7811 9630 1008 3495 2558 8017 22 2781 9924 8853 7585 8975 2010 8870 9718 6413 6487 7302 6748 8685 6013 4115 6993 966 9727 9899 262 9449 7400 5478 8276 4827 2031 9874 8369 7627 6818 8209 2526 1781 1435 3737 2816 5486 7516 6442 3397 5468 1510 8809 3246 2953 6429 2256 8295 4171 2452 6406 7875 2973 5580 9509 7400 4255 9714 5257 494 7486 8941 8506 9862 3052 7752 8582 5220 8331 2601 3619 4936 9510 6740 7297 262 2700 3296 5905 2036 293 6959 1802 483 
5739 8608 2402 3199 2412 1542 6705 4251 54 7842 6796 5749 1441 746 3878 587 8840 4678 4786 136 6295 1143 9278 9447 1195 5252 4446 2959 4911 8509 9998 6321 4433 5298 5978 3915 5224 8929 8556 3841 351 5523 6596 5735 2519 5300 5769 634 9748 7747 7071 2046 7893 7944 2859 9791 8603 3950 8416 9738 8137 6025 1901 5538 2576 4530 3860 8817 7966 5253 321 8742 7980 1061 3100 3846 1495 2010 2592 607 7323 137 926 6837 8057 8405 1862 2282 8442 1716 3779 8842 6520 2413 5590 7583 5140 1965 8292 7964 
1920 494 7870 642 5821 2086 7868 283 7146 1525 4330 5259 4370 173 5748 3948 7097 7069 5429 1232 8260 2068 1556 2259 7095 6279 9025 9184 6970 326 7283 8116 4348 2695 8194 2551 7073 7537 7146 8488 9437 487 7721 185 2044 8149 1079 194 9804 9298 2189 458 5437 2085 7346 5912 7929 9229 6597 5006 2222 8087 8919 5348 2997 5436 6871 9307 8075 3568 3776 4603 6609 7975 9572 3797 7831 4378 5443 7985 2685 4845 2703 160 831 2863 5857 8873 5109 1702 5364 5266 2525 2083 9836 3325 167 4649 3593 3592 
7594 3066 3567 6497 4696 6345 105 2309 2550 8279 4003 5984 6775 7526 4650 9737 1016 7153 8473 2932 2205 5594 8506 3185 4571 7462 8884 5668 1498 8846 1663 1394 8444 2341 1116 4392 9534 8397 2899 6238 13 7751 6469 9571 627 7004 8925 1031 8458 2953 1337 840 2838 928 9078 7771 7906 9899 5942 1891 1873 6812 2140 8959 4866 997 5800 7072 6109 1580 5954 4376 5627 8990 4393 6950 2762 8903 3080 15 3523 8440 3559 4554 2451 4234 4473 2651 6606 8749 7760 4396 5999 385 8642 1451 9389 3598 7 194 
1823 82 4000 8551 6256 4075 2264 139 4390 3458 6431 6272 2911 1942 6462 7309 8689 7036 5778 6 2930 6381 1225 9226 6740 2577 2121 9759 1509 6882 6367 5237 3644 7752 3911 716 9523 1196 1301 5532 3374 9255 7377 3828 8020 4152 8935 8699 8004 7785 1964 3272 7132 1031 4022 7135 6297 9857 652 4597 3143 5348 7663 399 112 9089 7779 6757 7710 7045 6395 6889 1505 5059 3000 6435 8746 1 9639 6752 5289 9953 7539 6718 3906 4650 8029 1743 8034 6021 224 9807 4936 4370 9172 1063 8625 447 2918 7589 
6054 7255 3330 6408 4792 9650 2971 7056 872 305 7072 3995 973 2868 275 3307 8097 3355 4628 3982 3720 589 3186 3103 951 6215 5556 2224 2652 1278 527 6479 3478 8494 7383 7434 7756 3658 1144 6983 140 5252 7866 3638 2912 3157 4188 7920 6810 97 5501 7469 8398 9928 3605 3696 105 7796 8554 4490 3275 6007 5684 643 4715 7374 7178 4608 8434 3470 934 8234 4971 191 5458 9929 1165 1818 5109 8267 2187 8619 8050 702 3823 4845 6051 6639 7406 7686 2560 9599 9822 8341 7237 1292 1119 8139 2602 2838 
4703 4196 4526 5820 8844 3450 3878 3142 8169 4320 9729 8892 7562 3557 4630 6659 1922 5124 9610 7768 5856 1451 7352 5300 9856 3947 1041 5349 2671 6419 704 1077 5862 3757 6879 5020 7723 2388 4473 3804 8212 4684 853 161 9321 2786 2722 3503 3627 3982 2073 4992 535 607 4934 2531 324 9514 4581 681 3904 6315 1932 3131 2268 3316 6279 7035 6802 3442 9406 7981 5559 2218 146 6320 3592 1214 7799 9093 4288 1801 3630 8639 7027 1951 3817 4691 4926 3268 366 6125 4291 133 3092 5045 5910 3069 3277 3047 
3634 9468 3061 1489 5715 1840 2366 3225 5724 485 5765 3465 2306 4820 7528 1465 9520 3341 1421 7804 2862 5833 2190 7052 6266 7621 3907 2662 8236 1242 7130 6699 9308 1801 2309 852 4659 6547 3596 2899 2885 1303 6294 5407 820 1857 6177 8458 5033 4355 8076 2206 1099 9933 7877 5594 5831 6933 9915 9941 934 9252 8807 7211 340 7218 2259 9181 2027 3775 1167 9523 3902 2033 5930 6801 5876 7308 8258 9505 9928 186 4737 865 1080 5468 9309 730 7644 8390 7952 9445 4308 3074 7148 9064 6544 5106 2524 7382 
7057 5333 2048 1458 141 2536 3063 3618 6526 8493 5803 9747 585 5843 7966 3374 9037 3212 8906 386 534 5641 5335 7318 7741 5805 5582 2325 8321 9766 3715 4901 4819 4709 9729 132 8343 5611 1706 7163 919 7724 6951 4617 6011 8486 3955 2097 6246 7663 1730 1211 4018 2302 2249 5149 2489 4265 6962 1728 4694 5195 7940 6029 5414 9138 3314 4762 4684 7996 1111 4558 2219 3680 7744 4289 7985 4250 9672 6477 7004 7104 5889 0 3119 5821 6164 4441 4624 9440 1362 9536 794 8005 6290 514 7289 4378 7805 8004 
7528 7773 9928 3982 2309 3583 1579 3752 3715 9368 2716 3810 7625 8352 7162 2342 668 910 230 5853 4209 3903 2413 7903 3907 3027 3463 7517 9540 3441 1296 1249 270 2575 6805 711 2239 9454 4046 728 891 3881 1193 3542 7482 9556 1321 6052 8538 7597 4835 4894 9650 8446 9207 3137 6086 8822 1379 6284 6956 3890 6989 4563 4164 4721 1130 8250 754 4166 3366 8295 5171 9007 8783 3919 6606 7789 287 4782 8501 2149 2881 4201 9500 5725 5360 9031 7355 181 8477 2094 8384 9153 5111 7345 6863 5613 3950 3464 
6803 176 6167 5623 6867 5695 7062 4153 2709 453 5893 3142 6439 6468 1290 3756 9518 9167 1275 6994 4480 1952 118 1624 8037 4290 4231 6630 4935 5397 5872 7488 4088 7064 8277 676 9828 8171 4673 5179 9996 8093 5661 9953 8527 7925 9929 7384 5949 7862 1159 3653 6133 4970 2542 9111 8177 4118 1459 5683 8406 8595 1263 58 339 8533 7035 2647 5217 8137 4839 9825 6066 4830 2704 5683 9538 1387 3013 3663 7896 9596 8195 1396 7081 8028 952 8532 4007 203 2824 3669 89 4594 2140 3450 652 9702 9090 2342 
2258 1571 3975 2520 3069 1797 4284 7619 6611 933 3300 9774 3093 6305 4601 1427 1079 2226 7425 1950 4220 1716 7309 9980 7463 7939 6417 3174 4664 3827 6322 5046 5312 488 4429 4059 6499 7140 8557 1688 2196 1378 9252 3701 8811 9021 8012 2983 6492 2874 3071 5314 2126 6887 3349 6846 9123 4645 8680 2239 6502 941 679 2556 8222 4305 4871 9978 5491 4260 715 5166 7286 4907 3727 602 3677 3154 5160 2126 5325 7637 6219 1925 7351 9757 1137 7110 9628 2710 1203 7763 4941 9075 9360 5070 8079 9693 6572 521 
3125 5776 5392 2558 4258 227 1835 5949 6210 5493 8897 9281 693 6267 8228 9020 9130 6345 8302 5657 1414 4479 9183 126 9276 5334 971 3343 7329 7823 2873 6193 1940 1260 5424 9720 4101 8069 9645 2903 9394 2320 150 296 1248 7584 4295 6798 4886 8993 8110 2622 7189 4073 7098 8361 3934 8326 9168 3809 1910 4840 8084 3564 606 1867 2751 5198 9195 9007 4388 9741 3337 4228 8496 9136 2102 7602 2470 9055 9410 4511 9499 7573 8194 5127 6984 7601 8970 622 7159 121 2888 7456 8782 5180 8317 7770 65 467 
4086 6779 4955 2134 2966 9071 4278 8199 3816 5201 5485 4440 7770 1934 9488 1107 9272 791 399 901 6236 6094 1671 4657 7534 2502 1580 3680 2530 7753 145 6980 2218 5962 1137 1580 2174 6092 5569 2116 966 7377 4393 1408 3153 9668 5007 9260 7895 6029 4716 6309 7908 8068 5747 2250 5415 8717 3919 6029 7420 7930 1246 2150 1400 9614 149 2394 4339 7662 9544 1005 4103 7037 6078 3321 3004 1245 5419 8072 1307 1963 5308 6112 8658 990 9312 6497 3158 4562 1304 4901 9538 4188 6315 6901 8058 9654 1239 4837 
7254 3963 26 4494 719 6698 6023 1130 7658 5519 587 4033 7480 2794 7631 6967 2569 2517 5622 5444 5839 3357 1936 6732 1729 4138 5261 3925 3484 62 3727 5603 3471 7436 5255 9245 6337 8352 5906 2286 2965 8988 6849 956 9546 1678 1806 5093 7174 8018 8401 6679 4257 2246 5107 297 7142 7676 5069 4564 2304 7634 1965 6995 1798 1447 1208 362 2371 4480 9440 6650 3043 9563 8852 5461 6696 4936 9318 3809 5606 1230 1205 7412 2628 3778 8131 9783 5502 732 9253 2180 3097 5339 4908 2962 1357 9006 4926 2911 
629 3758 5529 5291 9254 8450 3518 8604 8688 7326 3120 1492 8200 1900 1688 3883 2521 7454 7065 9060 2658 5818 4062 3328 315 3625 6875 3763 901 1517 450 9793 503 4426 2692 2508 2863 7184 1686 9824 3155 6073 8321 2893 5195 441 2265 9006 4662 9429 5391 7578 3243 3765 3603 856 5216 1527 5757 9712 7522 1658 8876 7469 8281 7286 6135 1893 4954 1653 6055 5006 1016 7625 2582 8130 2361 5272 4369 8053 6051 9195 9572 9927 3712 5943 2968 585 5335 5629 2446 2884 718 9328 5194 2286 7983 8425 3872 9654 
4199 5268 1547 2818 2523 7860 2188 102 6177 4675 8278 4609 7661 1875 7259 2299 3771 7994 2460 5186 1138 4361 5760 8548 6773 5791 5593 1932 4738 1945 7831 6758 764 4562 601 5306 7851 9938 3399 136 9774 7338 8579 108 8669 9409 7024 8054 6864 2933 8605 5855 8308 7426 5985 9408 6953 1654 5913 93 5156 4631 4749 7193 7331 3331 9775 4232 5825 5094 2095 9190 3083 7139 9005 7880 7512 1744 9276 7374 1327 4113 8347 9641 7429 3256 3360 5372 8959 7396 3775 9531 6590 1843 9830 392 8098 8424 5163 3947 
7974 8036 7962 4651 4730 8412 5060 590 8000 5519 8736 3846 2060 9166 4310 4118 319 143 6597 3068 1731 251 6235 8339 9093 7290 6182 1208 5906 4254 1910 3790 7861 4318 2222 5341 3757 1216 2679 1667 6339 9212 9972 150 5334 1782 5312 6986 9264 5075 8546 2161 6737 2344 8511 159 2357 2194 2796 3027 5739 4242 9975 8755 9361 790 9857 6192 9856 7172 5635 2737 9581 1155 4985 494 1848 2396 5751 5671 9356 4353 9689 7134 9876 6668 4225 4762 8033 166 3565 4107 1596 422 1663 9940 5053 6442 1347 6971 
9759 5848 6231 301 1992 8842 2004 9968 2415 8714 4435 600 698 34 3805 3065 5697 7218 6933 854 1112 9495 4563 7013 994 4885 7854 8646 1885 472 3871 8241 9943 5631 7026 9254 9876 2261 3249 1447 6499 3877 3523 4439 3533 398 3961 7018 1336 7187 1148 3054 1138 4851 5838 7372 4150 8333 7836 169 7745 3237 4897 5807 2782 7918 1853 3151 9822 7597 5569 6267 9869 671 7812 3674 4314 290 3358 1372 6260 1791 2151 9816 6748 6405 4836 3953 1456 673 1394 810 4538 7674 9454 6228 6553 2918 8307 3664 
6621 6096 511 1790 7821 8687 6829 776 1695 3570 3269 8092 533 7286 3728 1261 2143 9515 7355 5183 5360 5097 7469 6256 1681 5932 5658 6145 3442 3707 8956 9554 8779 5721 478 8647 6924 1304 411 9584 220 7720 2276 6213 8810 9819 163 5543 761 7483 8312 5751 5021 6337 3366 2069 2717 3974 5962 4442 7417 9264 7297 655 8490 3274 8379 5116 266 9708 2280 8968 7566 2155 1059 1246 6831 8459 9735 1537 4448 5173 4503 1632 9558 3728 9059 3436 1983 174 2504 1853 8793 1868 8030 7318 3075 1293 3092 9361 
3386 2013 377 9718 2902 3843 5142 7371 4160 4098 6245 9645 6420 2567 1792 3447 5568 4850 5396 2262 4687 159 5101 6054 5556 893 8150 2367 1896 8592 5072 3381 4639 2011 230 1986 5235 6427 6193 3614 9601 4574 1391 3411 1570 2210 3932 3149 7195 9110 3148 3924 2377 2273 2699 3167 3115 1874 9456 9651 5307 7919 6774 9034 5613 5372 3954 7923 4448 7709 4628 9718 367 9639 6632 9192 2130 8411 1475 1364 9863 4050 4135 9314 476 4761 714 4257 6775 7435 1727 8944 1514 4506 3863 8565 8638 2070 4395 226 
8968 949 7966 8736 8161 8338 2603 9004 4962 5026 2395 1820 2473 4208 5485 6679 1778 7466 3805 8038 5364 6640 7816 1457 1379 6813 5737 2446 7377 1488 6709 6048 2950 6549 1307 5366 7135 5024 1915 6660 318 5296 9760 5529 2997 878 256 6373 547 8472 9573 9526 5571 2472 7444 6559 794 3731 116 6497 7221 4646 2896 6677 9247 6933 6206 1645 8627 7588 9553 7571 4866 4127 7092 7623 4708 1338 8255 2741 6685 9691 6435 898 4804 566 7725 2326 4537 6826 5904 6997 1143 5493 870 960 497 5926 8621 7039 
2170 1900 2970 9637 5907 4115 4118 4415 8974 8877 7581 1071 4640 4504 6921 2420 9595 2327 3354 3800 8939 5792 5076 3605 8911 5439 923 5664 3471 7960 6734 3331 147 8000 9524 6578 3523 1122 8952 5174 5765 7407 69 4069 8911 1553 8155 6852 4732 10005 9085 2460 6324 2261 4545 5147 3333 851 8181 44 4976 9383 67 4078 360 183 1642 5830 3396 5266 8210 8573 1232 8679 3232 9756 8172 5750 9204 9946 503 8078 5462 4992 4201 9946 3845 7145 734 7777 8408 6421 9957 3217 8155 4339 2745 9356 1479 721 
2996 3599 2172 9219 7169 777 7996 6601 1422 1618 1687 1971 1259 9323 4847 9232 9180 2698 3741 8562 273 179 3041 53 9972 2771 608 1689 7108 6999 1445 1043 7639 7246 5507 4768 7697 4553 8932 8153 6450 8266 8464 7140 7855 3025 4024 9884 1632 7796 6566 4716 5043 465 7089 2706 7444 5173 784 8162 7870 1023 1798 2533 1216 6920 8097 5614 8266 8309 3325 4329 6656 9078 5121 6870 5766 3249 2745 5640 4299 5947 3207 7724 2925 5493 6447 9156 2294 6264 4230 7561 5620 8718 6887 5660 3095 1156 4173 8337 
8813 3395 9537 8741 1583 6471 9522 7484 9330 3862 9327 5203 4778 3142 692 5797 3556 164 4158 2911 4535 921 2986 4463 5004 4249 5061 5207 1859 5107 548 6639 8323 8136 6272 1494 3429 5181 5770 6468 3733 5628 3388 5836 9031 9951 7842 8940 6015 5107 1635 6351 5441 7540 571 8570 793 2323 940 1208 5028 2793 8631 7228 9864 53 2920 8949 6213 8930 1705 9052 9372 2599 4915 6668 2040 4021 4259 8281 7455 3075 3376 2284 4844 1888 3255 1902 3448 6810 8200 184 4726 6148 5934 9499 9687 8412 4084 1967 
4531 8292 4108 2880 1572 2758 2517 1262 3550 6591 2843 3269 3969 1580 5858 2351 8983 271 6644 1006 2299 8477 8788 2083 8929 3604 140 2521 4101 4666 4068 8646 835 3360 112 3851 7030 6688 1186 3633 5413 7115 3901 4746 3300 6741 6078 9071 7388 8809 9912 5260 573 8797 8769 993 8540 9058 5983 1067 65 6808 1965 2360 744 4709 3289 1327 1016 5340 9332 5157 5745 4834 9674 7186 4108 4705 5633 9502 7880 8937 2967 3801 4763 9922 7938 9564 8748 2513 5971 1796 8223 5560 7188 6769 8302 6227 5702 2160 
158 8115 3270 7599 5846 3376 933 2954 2446 3314 5319 7082 5594 7294 6958 8090 3089 3573 5231 1152 3698 3652 2175 8013 9320 6547 5057 3615 6325 5563 922 4284 5670 5741 2403 827 7046 985 3331 5958 6507 3048 773 5349 10 5821 4205 9001 5666 4064 6247 5284 7482 3323 9480 2941 2667 7178 5438 7778 2899 1838 1656 3829 4118 3882 6779 5112 3269 445 582 1888 2876 9372 4110 2105 8779 5284 489 9480 8364 7782 1548 9745 2964 1447 669 1501 4724 9780 8882 6130 5302 5136 612 5000 9871 9227 3500 2977 
3371 1074 9098 9310 6849 3022 7432 5619 7663 3220 1320 841 4636 5170 1822 1163 7368 4998 7710 2939 7807 8530 8580 9949 1460 5649 3547 7901 3345 9580 9882 7622 3307 3501 7409 1021 568 1082 379 5540 6800 7165 7860 1123 9179 4976 3875 9686 6242 1651 5649 7232 2358 1217 1239 6824 9456 8527 5036 5492 7318 3264 3898 5445 9203 9500 131 7379 518 7206 5107 1605 5908 1024 9622 8879 5672 7096 747 9236 3558 2110 9793 4910 1728 8096 8573 8274 7211 7464 4327 6963 4286 6928 3723 3101 1368 5068 5272 8018 
591 2645 1123 655 3746 7746 4296 5239 6056 3560 4760 93 7520 3178 2495 8149 6543 6197 6690 5574 3856 7203 725 4166 1376 9879 7154 8755 5649 6460 1438 3685 9787 67 1284 7621 1135 1234 8120 3046 5528 7795 7844 952 4238 4197 7118 362 9862 3830 5712 5462 3927 9331 920 5697 8687 3525 2337 2502 490 8815 1475 4667 6582 5884 3829 9968 7063 9167 7420 3713 4373 8398 3101 6263 5390 7451 2909 210 6337 3544 6976 1774 1917 2996 5125 9300 9716 1162 7215 1388 243 2587 5425 2184 3142 7414 3572 9671 
6299 633 5120 6988 1441 687 2860 5865 1354 7588 8511 3554 3517 1334 4182 6201 8896 3294 1007 9418 6918 5562 5752 2138 6028 5022 2120 6652 3371 9097 9044 6854 5214 8777 2582 677 1191 8525 3760 9605 6576 7554 8573 1153 2385 7247 5118 8514 1017 4577 1912 6274 6915 5113 9810 9471 8134 9170 7051 4761 8901 1690 124 5205 780 140 9752 3985 1474 9486 1091 1223 2225 5693 4449 3797 4912 9963 829 9353 1697 3448 8169 5413 1871 7898 8651 1664 1612 5165 1774 3240 2112 5222 2578 6803 3832 3997 2663 4198 
1772 5095 4943 8851 8750 3558 8414 4205 1653 4156 436 6603 2225 2272 3668 96 5348 8334 694 9523 3063 8510 1133 801 3089 6262 8859 3366 2083 1796 6432 2771 1798 4489 3091 8337 8050 2357 1804 1889 1756 5408 4254 2924 6997 203 6126 2927 1952 1964 4795 9850 490 6481 4309 5839 8506 6758 4218 9165 5194 4076 2272 800 3635 861 1715 3562 6862 1071 3960 7100 1688 3220 1409 4829 4171 3087 4573 6002 2224 3443 9508 1279 8628 7505 1964 3903 7075 8660 504 2287 5471 2812 5215 7846 3313 7128 1179 6002 
700 7493 3945 7343 3140 7136 8514 2893 6845 1842 2536 6799 568 1636 8318 8316 1306 9882 4528 3046 8685 9073 7699 4578 1155 2300 1127 4737 6517 7631 5968 4300 7288 4995 8820 3907 1048 5678 5439 2208 6492 7893 2674 1391 2129 4420 1870 7605 4844 6601 3166 5736 6015 772 5939 5807 5420 846 6142 5119 220 3241 7586 5501 8344 8416 5705 6673 3972 5794 5327 7970 5293 7994 4547 6869 1604 7705 4459 7076 6290 9143 6410 5666 1944 5272 688 749 5921 3446 6803 8927 3528 1495 8560 957 3585 7447 722 3690 
5234 90 6832 5430 9420 3849 4991 8305 2975 9336 8788 2219 5808 8488 784 9149 6277 9795 5646 7440 8774 5878 9489 3318 3335 8685 8962 3163 4393 4054 2945 805 6526 6593 7632 4848 9916 2239 1334 398 4370 7279 7469 6081 7745 5525 1047 4028 224 2777 8954 2290 9066 4020 5616 1899 1853 3584 9836 1916 9097 7681 3479 9588 4799 5926 3463 6507 4594 496 6221 3031 1403 5723 2384 985 3146 9444 7683 113 1952 7499 8794 5712 8828 171 9501 4737 9496 1193 9411 9593 5979 5704 5473 6471 2155 4691 5665 836 
8571 4703 7789 2159 9953 6664 9232 7264 2894 6804 2800 9099 9954 3361 8368 4183 3186 656 4169 865 2095 6795 6689 1733 5858 7661 1023 643 478 8584 3974 1826 4547 6355 6004 9110 9124 5396 1828 5010 6857 8721 935 7450 8293 7684 8342 3127 298 7072 3388 3680 1704 6158 5048 5084 7385 3878 5615 2192 4732 184 5971 6982 3732 3214 4682 9262 6593 9455 6707 6433 8825 8710 9890 5425 5575 2324 8143 8517 7126 7686 4629 2033 8326 6742 5580 6564 7229 9572 9979 4855 2593 2031 9006 9601 1057 228 154 7516 
4004 8392 5097 3252 7856 8920 3760 2017 1599 6907 9666 641 7374 7045 6926 5576 619 2270 1955 998 6664 828 9910 4051 340 9416 6936 9743 8365 7547 64 5217 8725 5752 4270 1070 8988 2650 9947 125 968 6144 6305 9047 6147 9384 8242 8561 5975 5684 3431 442 1356 2055 1128 4166 8962 2001 1191 1186 8176 9011 5544 7210 4044 3337 973 7071 4827 2259 1651 1656 1987 6379 8448 8091 2122 4813 7597 412 3405 7464 2973 6460 3212 9660 9397 2044 8394 2510 1510 3731 1785 9250 2008 8990 5221 763 7984 3591 
5322 1614 7429 5661 9858 6222 3647 2289 1066 1604 6228 460 6690 5725 2370 2479 637 526 4545 917 9248 1574 658 4317 6945 8470 2717 3723 247 8617 5602 4814 8110 5794 7308 5719 1479 996 4580 7060 6706 8838 8529 3784 8905 7778 7950 5701 1759 5212 1072 5684 5088 1488 7433 1479 1524 5134 8822 9199 9396 9033 6779 985 6219 2585 1286 6074 5586 4921 9053 4153 5358 9090 1514 4896 7038 8899 2606 8602 1580 2439 1147 5981 9451 5957 4037 974 6775 6826 632 3846 1552 6028 2820 6264 4225 2766 3563 3579 
429 4096 3359 8682 972 1713 6620 2480 9367 7328 5535 6976 3761 9249 1527 5597 887 4422 9822 5919 2078 8467 3884 7365 4218 5992 7178 8224 6231 4986 5689 5432 6581 5229 9776 1806 9384 1223 9859 1153 7114 6151 8915 1390 6397 256 2932 9994 1792 5253 3481 8401 3373 4672 4230 6910 5759 9200 28 3683 5764 4507 9293 495 4398 7321 2075 9518 9657 6287 1985 757 736 4476 6738 2380 7860 8388 8673 5935 9907 404 517 4943 8431 30 5032 2948 8309 675 4151 2647 6294 8316 1962 2463 1421 9427 4103 3233 
2557 7552 4906 153 4306 1239 8493 7806 267 8752 5421 82 3572 1033 1395 6274 7229 4297 2637 2274 5048 7544 3122 5052 9656 4434 5897 9013 8099 6423 8211 6227 938 7658 2459 6638 8982 3102 9849 9416 8775 9287 3167 6980 3938 2993 5283 9834 7994 5609 1531 7311 6374 9782 8248 2330 5574 5633 4141 9623 6734 3952 9934 170 5345 3432 7854 4835 1578 421 8672 1347 2453 1195 3721 5374 1955 7419 2661 7493 2346 3035 3652 2484 8735 5582 9856 9430 9878 1770 2174 8683 5230 1417 5438 3168 6022 6111 5592 6461 
88 3441 9613 7363 8266 4182 2089 6361 9119 1029 9840 6774 9599 3968 1068 1386 2917 8988 927 5225 4758 9534 8167 4657 9540 4950 8348 3848 5081 1166 7713 1268 3887 5095 208 1619 4311 3941 2573 5567 6492 9765 2972 4949 540 20 2192 2368 5018 3178 8231 1439 6970 6955 1372 5545 2547 9523 5690 3797 6090 8126 2499 679 7861 8381 2789 8418 729 6988 4153 909 7759 2385 1386 261 7322 6953 2747 8274 4979 1579 5533 8668 6921 414 8223 8361 9782 3501 4630 3419 4292 3306 513 4709 3983 8544 3516 2765 
9324 1880 5324 9647 2710 8974 4409 1011 923 3432 2934 5685 1669 6643 8393 2848 2750 6557 9966 5751 7545 830 9935 9991 2422 2698 8502 8373 2731 8154 6382 4606 2563 5653 9562 6866 3239 10000 4254 694 3105 1988 9342 5803 6322 1014 38 9167 2887 6414 382 8683 3466 1579 7473 8386 3608 9018 7748 9746 8799 3979 738 2663 5784 2177 5297 6007 9822 4388 9886 6472 4982 2410 4132 9229 520 3985 6814 6667 3165 9092 3833 2777 8250 9382 9735 8410 653 1562 9784 4067 2046 456 3786 4969 4176 2018 6762 8379 
9424 8734 2786 722 1777 4760 5501 4102 7504 9526 851 942 8781 5484 5497 9108 7038 226 1500 4958 4880 9973 6497 8447 1712 8776 5734 5017 7129 3075 9583 5736 8344 1525 2031 8815 3253 3137 2988 9181 858 6485 7044 1404 1778 7910 8898 288 3917 6365 4497 1469 7767 6673 9823 7 9676 6545 1115 5754 5724 1057 6286 8183 171 198 2731 2672 6110 3101 1622 2286 7678 6114 5303 611 2107 4984 1667 2827 9870 9120 3446 7411 8264 7758 4987 6836 9268 9691 8072 5383 696 2945 1961 7028 7837 389 6221 8953 
4289 8877 2673 1931 970 1973 9417 4956 860 9784 3291 1651 930 8244 8008 9428 3189 1152 521 966 7183 419 9367 6624 3961 8515 9891 7169 8482 910 9087 325 9904 1636 3048 4966 5203 8069 7619 6194 262 3147 6072 3653 1713 8285 8702 2902 3763 7625 4726 2424 2065 2769 4346 5186 471 1330 4056 329 4774 3112 5308 6867 8049 8182 126 4896 5020 6822 8941 6424 3336 5346 7353 1166 2389 3304 9140 4281 1836 2132 873 1242 4821 6527 73 5500 2541 4785 841 3710 991 3500 6442 7004 4858 4490 7408 5081 
4877 9393 2637 5709 3797 424 702 6142 3187 6635 5600 6067 3634 7676 3997 7423 1814 4542 670 1227 3951 5729 9073 5778 8757 9544 3566 9801 7839 4791 1189 2691 9113 9263 7836 8400 4827 8837 1522 4748 9630 1693 8632 4080 4292 3939 1298 6078 7195 5673 8171 2818 7767 1180 6820 6562 1327 6359 4043 5319 5721 6934 9737 3332 4892 3476 243 8108 2782 8441 1850 170 9458 9877 2292 9249 1991 1689 611 5123 4758 446 8031 3711 7021 7724 4489 8835 6167 414 259 4310 1974 6294 4497 5043 539 2563 8210 1290 
9784 5364 3739 9544 2406 9127 9416 5108 5210 1266 7537 8644 3612 7369 3399 8729 3089 3900 7569 1132 6681 9073 8005 5942 1351 7227 1471 3900 631 9906 7459 6048 5230 7741 741 9894 513 6974 2744 6211 5970 5877 1197 5519 6397 4637 8730 5327 6281 9379 778 3570 7144 7729 196 6738 6101 5486 6262 4522 1342 5721 4137 6792 4636 3855 6805 1367 9249 1294 8961 6635 4059 6883 3486 2651 4433 9221 7277 406 6693 5605 3705 1169 8644 75 3025 767 5231 1382 1601 3497 7029 7293 144 6236 4939 8645 3318 6943 
9695 3298 9441 1821 6540 2010 1528 1985 3040 13 1952 1643 4423 6498 2188 3756 3552 8803 5601 8582 9367 9621 6811 1394 5002 4359 9992 1265 5947 6967 4073 9681 630 3182 3774 7505 4853 6249 3316 5971 5869 1434 435 3533 5792 7453 3480 6880 7335 9287 2271 462 5846 7580 8364 6092 6965 9125 6205 3099 4716 9171 5505 9386 9385 4733 1761 6911 1399 4436 2846 9459 8378 4133 5758 2787 9034 2493 3978 2865 1614 6010 1202 4168 790 6297 2972 5613 5949 7041 7876 5456 1541 2347 7252 4388 3834 1232 1406 3428 
6008 7755 8243 9857 4126 4171 2129 6715 6549 2667 6026 7831 143 517 9137 2839 6055 4377 5029 4017 8098 6468 9108 4015 4798 4112 3151 4898 399 4893 1483 3701 653 616 755 4145 4236 9642 8994 447 5624 8494 6543 4390 8321 262 3589 1554 5438 4265 3935 8373 213 8302 126 181 1150 9925 6469 6961 5154 7361 8053 4736 6525 7049 2921 9408 4848 3864 2053 5471 1290 8914 2790 2015 8170 4725 175 1052 5998 6540 5453 1122 717 1321 6861 770 6720 8089 3396 7701 3823 6186 4432 2538 5227 9645 392 2938 
4222 5952 9276 9257 52 6744 4831 234 39 5730 6239 900 5045 1215 7366 4944 9298 7000 5772 1442 3278 125 8147 9118 4818 3753 9064 7057 3521 3736 5775 2885 9211 1293 4846 7105 7274 4709 1229 7992 2254 46 3418 4432 4062 9505 2475 1353 1701 7916 6817 3118 4666 5374 532 6796 4755 8532 2661 5991 7076 809 2686 693 458 4631 9362 9153 718 7833 8891 9449 7170 1581 8745 3666 807 6313 9125 4735 6052 9984 9300 9976 6473 807 3033 532 7866 39 964 4448 7046 4299 5790 9208 6082 7467 9875 2275 
4696 1958 5024 662 4467 4996 9956 5183 6756 3515 6507 9832 9185 8769 7615 7928 5087 693 8426 5974 6387 5562 5662 8336 4506 7740 9580 9490 6234 2462 594 3498 9692 8284 7351 6066 9235 3660 9705 2907 6852 2088 7548 482 317 1042 9420 1540 1584 8084 9791 6425 635 5506 4810 2616 8988 4235 5487 8279 1885 2450 599 3495 8528 9870 8661 5387 3327 6980 3614 3136 1893 3158 3633 2331 4535 2841 4029 8854 9605 7409 9338 1453 321 4413 4750 3313 3929 5023 7719 7255 6253 4800 4594 3818 4856 2649 3222 4564 
343 2642 9199 3561 9698 5893 1583 6738 7801 2811 6437 3828 7769 4251 6256 9538 1895 3943 6779 9713 508 9463 5615 1664 2978 5145 81 3315 2090 8850 7062 8157 949 8255 6880 9938 2618 9029 9348 3935 5687 4710 3964 4789 4104 6453 9227 9750 4282 5 455 8225 5208 904 7128 3139 4135 6438 2483 410 9166 4273 5764 6136 3628 2626 3072 1164 1537 7342 7323 4153 7196 1536 43 8090 6870 2892 9872 8728 5100 5713 165 506 8606 4219 5751 5320 8120 6353 5813 7099 7838 2692 2960 5655 1624 1929 7255 2390 
9015 4002 2098 6568 1341 4642 6519 2495 6085 3943 2314 8727 6467 8637 4106 2053 2829 6338 8098 6287 5275 2527 5830 4789 4684 2895 7187 6516 3849 2907 4735 717 1136 3126 5182 1512 8229 7779 6275 7324 781 386 7865 4713 6718 6882 581 7015 6256 9961 1994 4213 6447 2619 999 3437 4676 2197 9532 7644 7248 6996 3807 4682 3619 4947 2477 3893 5943 6636 5945 8921 9922 8835 8409 8691 4086 4476 5328 8209 2880 9518 3027 2773 4327 2519 3845 9450 9406 5603 7535 6975 7446 4613 2079 8842 135 4922 5917 1 
3805 6661 7246 5245 9476 211 5784 4255 7248 2681 7058 3230 7473 6335 9481 8750 8770 3563 3371 828 9044 9934 2372 286 2701 1286 110 8563 2304 1536 651 6995 2941 200 3972 44 5096 6959 8074 6811 1587 3003 8796 9176 7059 3842 6952 5780 9672 9627 2546 5674 5484 8007 2639 3214 617 7847 3162 5085 4529 5256 4773 1645 7395 1799 5002 2264 3657 8299 8531 6350 2453 4143 4127 6281 902 6147 6852 4195 7129 6937 4342 4625 9365 6822 4798 9365 4383 519 9937 958 578 6502 8278 9381 6294 4558 3168 4984 
4906 7012 1195 6634 6466 7145 8410 6227 5751 1974 5746 5196 8739 9436 6377 9754 6986 2542 8639 8716 9275 1196 2663 8147 9684 48 1372 9068 3715 8559 8364 6231 7450 9503 4521 7769 9375 5253 5818 603 5758 3457 2412 5045 4992 5896 7272 920 8157 7030 8033 8821 845 4798 3688 3597 6299 3138 3456 9925 9327 8758 3076 3722 1660 1386 943 7207 4049 4642 3677 9376 6080 2495 4081 5408 5151 7866 2090 1123 6071 6987 5804 9273 577 9423 7622 7473 908 7486 9120 6112 557 2025 6644 1919 6843 9661 1465 3162 
3642 7096 2660 8879 6307 1330 9414 7656 2465 789 8650 6484 7248 406 768 4584 6444 6518 2852 4910 5879 1502 9222 8973 7260 3493 8265 3410 8312 5224 9917 3882 8659 5596 2616 4104 1817 4865 9381 2670 2852 6797 3637 2191 9402 5459 4598 1676 9808 3246 7541 2633 7147 6878 6707 8855 7967 3315 6587 4445 2709 1209 2895 2445 2730 9147 5246 3999 3041 7571 2443 6986 9618 5298 1169 1502 8747 693 6169 9701 3743 5528 8604 7707 3903 9441 6180 806 4896 5292 5286 4956 8177 1762 6476 9472 6983 1051 7644 9778 
924 6782 252 2660 8242 201 3808 8736 306 3527 4649 1769 587 8460 6008 8973 3320 8327 496 9973 9027 1406 3666 8417 5879 7217 611 3505 352 1156 5673 9447 179 5073 322 8590 6179 7013 2509 6473 519 5920 8736 9581 1683 5880 9875 8641 7637 5680 1924 6632 9384 8132 6090 7429 7478 4372 901 7287 9567 9541 9754 6692 3301 948 1195 8917 6558 3845 5365 9941 6169 2946 161 4852 4914 3990 7263 3438 4671 98 1403 3177 8430 2925 472 9707 2484 8823 3777 9104 8808 2811 8913 2267 7782 9831 1578 8608 
9279 1181 2911 2392 7274 2724 1156 9705 8243 9590 4885 99 5735 4711 1559 1158 9012 9066 7085 7536 2349 1082 751 8284 682 8138 6856 6064 6158 6561 690 4590 4392 4036 5092 9952 4790 2900 8251 8872 7944 5781 1566 4817 5766 49 8163 3532 202 358 1724 4584 5280 1925 7787 5091 9124 2638 5430 7254 8590 9448 4506 9181 9938 9202 3035 3628 8023 5051 8965 5514 6625 8958 8629 6785 6979 4702 5257 5787 2640 4430 2096 7773 202 3000 9472 650 8189 8033 5427 6774 431 5728 3530 7983 7715 547 5951 9889 
3420 9356 9431 5392 6551 9756 6436 6019 3280 6385 7860 2493 3937 907 5115 8015 1959 9455 5468 5478 8471 6326 2944 6590 2654 9011 2490 5666 5972 7909 8617 1819 643 292 5594 4343 8965 1786 6236 8692 591 691 2435 9841 87 6835 1895 6878 5732 6159 3826 9109 2347 1699 532 2844 3161 2413 5246 9127 282 9974 3959 2390 4516 2522 2289 2373 1847 9005 5528 5189 659 9586 6780 2864 4727 2395 3208 5014 6932 2872 456 4162 1181 7290 8804 9215 6611 9955 3518 4757 1971 3421 7701 5682 9273 5145 814 2542 
9372 6205 1509 1543 5694 4039 7252 6435 4974 6668 5423 5508 2462 1659 69 1183 9809 1590 4080 3464 463 3818 8142 6380 5255 1746 581 5211 8367 2244 6533 5638 2110 2946 4315 8852 4545 7071 899 448 6252 8615 501 836 6643 8762 6502 8651 2801 8157 2195 3856 1203 2679 3467 6300 2198 2214 3703 2234 9427 119 5902 1099 3319 6639 536 3719 1324 2430 6925 1836 4083 5888 5653 1368 2614 9389 8900 3475 5803 7485 583 9179 1437 5093 9614 2286 8286 4663 5402 3201 7509 9789 5675 7489 5681 8409 2870 5528 
8528 2622 7213 4900 6336 5786 7941 3726 6980 1983 2387 9337 5017 8326 9896 8927 7512 7860 858 294 1232 9581 2199 4893 8105 2041 164 7586 2107 8126 1764 2049 7809 7213 2604 1058 3706 3146 501 5468 6154 1392 1993 4972 6017 5443 4709 2073 3025 7525 9422 8543 4955 4075 2286 2008 3032 4573 2606 1940 664 4744 3022 1582 6697 256 4794 8202 7737 3674 6252 5243 3980 9009 3012 6807 3104 5887 2813 9484 973 2561 5074 4811 1613 145 3859 4811 2614 5469 1430 4226 1323 2659 4799 6978 6754 613 2896 1310 
5451 7212 9874 7339 2032 230 8896 4749 8996 2295 5979 2688 8291 5625 9389 1248 2755 7814 7133 5283 8768 6289 8334 244 6211 4446 236 7988 8073 8450 3485 8870 4727 136 102 2258 9514 6126 4938 51 2391 4727 628 9163 5689 5194 9270 5934 9549 7619 1264 4799 3474 74 8741 3544 8299 5466 4961 8103 9967 7408 8245 2777 171 3540 7455 2521 8477 1033 5019 8735 1259 4576 2518 4382 5668 7492 7098 5501 2212 8924 458 4603 5199 8402 2186 3303 8043 1606 8954 4299 1411 6401 8133 8290 6256 370 9077 918 
3077 4674 5805 7145 347 3847 8409 1484 656 4404 3792 7055 5889 6977 9474 7464 8461 1582 2111 8525 23 7092 8762 1733 986 221 9548 9456 9815 5913 1670 3183 8630 1999 6637 7092 9674 4553 6837 7887 3745 7425 9524 5839 1626 8230 3289 3202 7480 8227 6263 1623 9941 9546 2905 1398 8880 6210 3999 2322 1708 6942 27 6606 2620 9117 8406 3196 1344 1775 7201 1685 387 1375 9092 7543 6599 1070 1514 4082 2252 510 4472 2051 8355 8160 6816 1148 7897 1077 472 1014 9573 2119 5015 3754 4266 4337 9591 2872 
3295 3075 6946 4754 5556 2885 598 5427 5328 1562 343 9852 5696 614 9718 9500 1068 2161 8446 3295 244 6918 2579 7602 1820 2827 8251 377 3870 4209 1336 6180 9146 285 2278 1059 8821 9725 3299 41 6084 7991 2029 4474 4092 7173 5179 8769 4563 6316 52 2656 2179 7532 3184 1548 760 806 3136 4753 9525 1408 6376 8848 5249 6069 6283 9789 5571 6971 1260 1236 247 5134 3508 4121 6308 1205 8274 9454 3442 1893 6621 8701 4470 3255 1329 5049 8110 5930 3561 5074 1980 3627 534 2847 8208 5589 4784 8288 
1961 1085 2996 9622 9435 1317 3210 2540 6374 2618 3308 8207 1065 8305 6240 7577 3968 7427 1814 8485 3337 6283 1838 3341 9619 3370 4142 1320 8813 4560 78 3915 3476 8942 1170 3313 7437 2103 1984 5868 8138 6468 4338 3655 821 9042 3122 9819 2101 9698 2032 2077 8440 5913 8829 9317 8521 1208 9384 6231 79 7066 6286 10005 6975 3769 8655 3597 8413 6435 5790 4428 1549 4567 8068 1734 7063 5201 3434 1287 2452 2420 8873 5553 9885 7504 6129 7314 3873 4810 5247 5222 3465 2450 3130 2229 8559 3493 4655 7508 
3793 7030 1722 5626 6240 3798 332 9136 6343 8217 5086 2936 4027 5752 3233 7596 3578 5537 7279 1441 1816 4685 3795 1787 9641 2211 3395 8238 7575 9256 3639 3188 3894 3559 6044 1355 6344 5400 6671 357 4130 1921 1849 7080 2816 5975 4813 3742 7401 4411 9477 2369 5561 6674 8529 7357 8381 9999 1290 8810 6880 2714 5816 205 2251 6002 4556 1596 3831 50 3656 9485 1044 1958 5872 1803 6605 7077 9332 8365 6695 7198 6600 1462 7579 7019 2132 5786 5669 711 9185 7903 2591 6298 3106 8085 2642 1381 2026 2709 
1410 1814 8891 9335 1004 2687 3218 4948 9377 5303 7670 7228 5922 567 53 1659 8391 3743 4196 8943 7618 4041 6329 3502 2415 4330 5864 2788 8830 6443 9152 8143 4583 7651 1230 2573 929 2983 5255 1479 6505 8234 1626 626 6375 6847 2747 1516 4028 7309 8701 5349 8611 686 4675 5826 227 8344 5585 9272 4882 8533 5399 9640 2695 7242 5630 2025 8884 1072 5098 6919 531 3124 7218 2587 1343 4533 5730 2076 2314 2463 4322 5348 5032 8428 271 3263 5245 7619 3481 9942 1874 8879 1140 4144 2734 4102 3090 6781 
8042 8453 2454 1341 1595 5840 9817 6066 7150 2722 4275 9806 1567 9696 4131 3633 4488 2653 2940 9874 6128 7001 9709 4064 2703 6023 4264 91 7584 7989 7752 4390 2119 2546 8174 848 9790 4154 9742 7716 3682 4762 6284 629 6451 4686 6723 818 7103 7708 2482 5084 9417 9376 606 5190 2938 2044 1617 965 696 3296 5835 3870 3891 3009 7334 5871 9322 5193 9441 4900 4374 1582 1170 9209 8040 2232 91 2567 5245 4183 5956 5871 834 4480 1963 6592 3436 1260 4279 5170 9247 9656 1609 352 119 888 9944 7629 
8096 8962 3387 8079 9929 752 1805 6303 4248 8405 8970 1207 3490 3240 905 3244 9534 2332 2261 4247 3330 8230 4559 9676 4603 1884 3200 8104 3762 5304 9362 4258 4693 1726 7176 7936 8952 587 8610 2366 697 2716 5885 4127 7192 6867 4848 631 5841 2968 6505 3136 1902 5624 5289 8460 5120 1581 6468 4069 9598 2687 9542 6356 3763 3070 3877 1614 9378 3029 1856 4764 1800 1057 9942 5202 5234 2219 5714 3497 93 2527 3241 3499 4986 241 851 227 4591 9076 8369 8414 8184 4046 286 8298 9539 9251 8359 89 
6367 7599 4694 4098 6089 5553 9748 5748 442 6303 4487 6057 72 4655 9655 9849 6474 7610 5115 4534 4081 8649 6629 7561 586 1380 1161 613 5210 5966 7082 7420 2137 9739 3290 1421 2815 5040 9762 3231 9899 9218 9573 9797 8742 7587 8422 1928 1885 4891 8172 7058 6687 4352 5460 5747 2573 8411 3100 2343 4117 5764 9912 6787 876 7248 5057 2765 6193 5045 4548 6830 5718 6654 2019 7215 4616 2165 1164 4927 8362 8962 8945 5556 4679 7429 5969 7079 4281 611 8620 5506 3698 7096 2774 1670 2983 592 6109 1489 
6179 9117 9704 4967 358 7615 9460 3143 7493 3339 3274 607 9797 4648 5558 8057 2428 717 619 5160 256 5680 7114 3962 2108 4184 6765 5731 5079 413 9699 8387 6155 4006 1892 8408 5747 6728 7370 6572 8092 1405 1331 4090 2578 1119 8686 8238 2791 3398 8176 1570 4676 3206 3250 8001 4534 487 5869 8108 2343 677 7012 6938 1892 2960 7950 2698 2438 4580 5529 4468 605 638 8068 3212 8884 7747 3948 9032 2679 3744 1892 8336 4778 1323 8972 8617 6978 2242 5119 5118 5753 1555 160 5578 5594 2864 9500 2058 
6457 7163 4862 4663 6828 8478 2786 8940 7544 9055 358 5558 6197 9894 7992 5144 3269 9502 2540 6209 1017 2853 980 5320 9727 6297 7122 8915 1942 9969 2071 6381 5684 4939 7920 5969 9701 796 6968 7342 1162 9248 6753 3483 9982 7302 6172 3267 8079 2196 4569 4111 2895 4041 3715 5201 9541 9084 7604 6371 2109 3565 2965 9332 1876 9510 8405 574 6170 9981 2862 7670 7959 7178 6003 7554 91 1214 4223 8026 4912 6164 3126 1722 111 6830 2094 1586 3603 5933 214 5641 1955 8043 5005 335 7565 5448 8710 8009 
5169 8070 8304 7830 849 5110 1895 1978 7944 6596 1720 5662 2041 9585 8427 2163 5078 9959 1378 6734 2471 9867 7674 2872 4820 860 7396 9227 1546 8497 1330 6253 6183 2572 1379 5891 7948 823 8644 7414 8820 5360 5809 8577 4565 4122 889 5501 1440 6302 2913 5490 8290 7276 9745 9991 3700 2008 9907 9338 5755 1303 7145 8752 2657 1095 842 3929 6597 9746 9133 7992 6017 7718 9133 4169 338 942 7374 8323 8123 2702 9772 1381 8230 6461 9276 8027 8253 7539 4079 1092 1108 63 5236 5187 2712 9655 320 6605 
5782 9145 8717 9790 2902 7462 9316 2904 8686 8837 9625 6834 8456 6682 7954 5682 7882 3851 7160 3992 9742 3506 410 1176 7420 9328 5980 7464 5804 531 8541 3733 6891 1533 8940 586 6763 3682 9930 6518 9621 2970 1677 1126 9 9425 440 8840 889 6305 3815 7491 6932 6479 3827 6868 6907 6889 7298 7986 8396 2462 3675 8097 8781 2106 8408 9420 8186 9695 6433 2056 371 5245 9559 1532 6617 8381 6499 8680 7164 5778 3281 8459 5262 6959 9582 8088 3343 2706 3724 9372 9691 6182 7435 5698 1074 7507 7296 3967 
6491 719 2131 4257 3627 6995 4352 6849 9193 7836 8100 9609 5478 8221 2579 8331 7760 2302 6509 6270 6549 611 2662 6921 7692 969 4728 8381 1876 9605 5537 1343 4452 298 9204 5463 9285 1715 8482 2855 1492 6630 4435 9546 5388 4068 3809 7727 5701 6875 4339 3714 5565 2741 8141 3131 2927 8887 3273 6947 8288 3477 5931 807 5245 1261 4456 5524 754 7542 4922 6705 9671 290 7507 705 3614 8618 5829 798 449 2401 9357 5434 1691 5185 2457 1633 2861 5539 4948 5749 8810 715 2524 2245 6923 7029 2023 707 
2930 3214 4996 9826 2086 1854 3259 9971 3702 2670 7403 7617 3000 18 8156 6963 1267 9240 2150 9929 7008 4160 2261 5867 1174 9540 3839 3840 1457 4926 3328 6945 9794 7939 7129 7866 2609 827 3958 7915 6567 5207 354 1991 5261 8401 9697 6210 115 7857 9216 8715 2657 2083 9834 3336 3353 3667 2974 3854 8830 7952 152 3511 4102 4045 1031 2718 4796 5319 139 8027 1425 8395 2005 5425 7109 1861 6146 8769 5102 2343 1683 9562 816 87 8822 2976 8616 7886 4532 4452 2143 956 2865 6346 799 4847 6911 92 
4841 2036 3562 3826 6116 7905 8844 4207 5126 741 5814 8562 3385 7345 4424 1355 6080 2740 6876 1397 9299 6348 7911 33 7768 3751 6608 2260 9780 8254 4272 3824 6219 4877 3516 477 3047 8377 1483 5362 3275 4937 6799 5315 8879 4935 743 2450 1225 4107 8931 1627 1005 5036 9936 591 2 5306 6767 5674 3326 6213 9061 141 4764 9275 329 507 1093 7921 7751 8317 464 4281 8708 1611 3868 8508 5132 4811 32 4358 5915 2912 1983 5067 1291 5392 5889 1537 9657 3719 1719 8640 9756 711 3253 9643 7189 4233 
2393 6432 8268 3182 6595 5877 4970 3102 9408 9895 2972 33 5041 5417 76 1085 113 8945 227 9793 4354 2706 7878 8258 7859 652 3207 3247 8508 9227 4404 2266 2457 9133 5878 2845 6428 446 1146 8223 9534 7917 8462 1654 6149 3793 6172 3740 2886 6341 1485 3396 3807 4004 4386 9184 4972 3538 4908 9409 9222 8338 8546 5179 7732 4641 1254 4530 568 4410 5330 2264 7713 8190 3273 1743 2763 3693 9671 2697 7891 3762 3889 354 2801 7151 6029 7765 4641 5653 4806 6048 8894 5497 8638 210 9592 5595 1207 510 
5594 5619 8758 8757 1556 2131 6725 780 3814 4837 8566 9637 4991 9760 5472 2619 5176 7903 3270 2280 4174 5636 3705 2644 1408 4866 1809 4621 1837 7240 4228 9824 3118 9986 703 8352 239 7237 8901 2342 2348 1973 9665 238 6367 3884 8562 2044 9689 5635 6212 9176 8867 4791 9589 6814 5 9595 3054 7248 5931 4501 5649 3325 8195 5824 4326 1076 1946 7072 9091 6050 2806 5693 3134 9455 2586 5421 7053 3329 1146 1420 4162 8958 4460 7531 9032 5847 5690 1399 827 7542 995 1019 1534 8844 5818 5496 8385 8831 
8005 6895 9977 107 1321 1338 462 9939 9457 4100 5135 2081 7371 7658 9336 1254 9639 9414 3707 7012 3842 8671 9904 2629 6952 6157 7709 4867 8532 6014 763 7013 4460 4691 5795 7083 1930 9007 440 5057 7091 7055 3446 1562 1460 6590 3928 7179 1569 3846 6237 7067 3904 6859 4108 8517 299 5461 9890 3042 3834 5655 1776 6424 5970 6097 3089 2983 1635 6528 4517 3044 3845 7039 6007 3050 3157 6948 43 4539 4466 2876 5342 1833 3124 5939 532 8885 6097 4361 23 6697 6149 3449 8878 2283 5592 3855 8725 6849 
1348 5989 4204 4579 7072 1331 8637 6879 8111 5114 472 778 6848 6610 4127 4791 3890 1794 2067 2412 3645 7549 5469 4926 3885 1455 5635 2137 5653 2242 177 2164 5771 8451 978 5674 2576 2611 9387 3865 6418 7663 8669 2224 6150 4202 3327 6948 1720 7463 6929 836 4500 174 112 2024 673 1526 2448 4478 3378 6745 7653 3577 1569 7609 5435 8022 9280 4047 2020 8580 9505 8832 4331 3372 6569 1936 6505 9550 5261 1668 9497 1712 3732 5153 9354 1841 4500 2523 8008 173 5107 1615 3072 890 9440 107 4519 4849 
4500 9114 9760 583 7932 2315 6606 7952 1017 6046 3570 977 7251 9590 1683 2663 6894 4189 9617 6884 9391 1022 1495 7005 4181 1584 6992 3304 409 6530 8644 3837 5005 698 7145 3626 8752 2821 5660 1045 8710 287 1371 3544 409 7162 2578 3696 9324 5934 6493 7454 6733 8876 7229 7967 2712 5591 4013 6361 2844 5928 734 6484 8582 7163 5303 3715 3388 5301 9786 4887 9911 7299 2191 8168 2622 2575 7258 6970 3861 8043 540 7718 8497 6883 9995 1445 8743 1566 3828 5499 6804 6916 9197 7572 2156 4730 6879 4519 
8869 6203 415 3932 5357 5060 1057 7926 4452 1618 8893 9708 4779 3154 7345 6914 2739 4965 9625 8759 5048 1133 8771 7463 1098 9133 5739 7623 5631 4376 5930 5265 8318 5608 1743 4041 8744 197 1270 6892 9898 8562 5811 9062 7384 522 1514 4904 2137 5637 9476 3170 8197 401 2203 4819 6649 8121 762 7691 6196 8621 4486 6178 7378 2575 924 7131 6167 7892 3557 1688 2093 9710 4855 342 5973 7837 488 116 5342 9678 3922 8302 1244 3322 1028 9289 9198 1579 2195 4872 3775 7914 5473 4977 4507 3964 1088 7037 
7161 5261 3145 8979 4282 2575 471 7174 5681 4733 444 1989 6701 7640 3393 9389 9632 1156 3634 5544 1221 6321 5748 8042 5915 1206 4901 2361 826 9569 2933 1012 6710 3202 7154 2534 6088 1116 9456 3374 1767 489 8912 1812 9087 890 3600 9691 179 9300 636 8289 6681 2277 4334 4889 3174 4975 6777 8323 2887 9936 5835 7904 1167 9995 9391 5602 8867 3606 4144 3329 1333 6194 472 9219 5955 1189 1231 2987 1492 2752 5116 7321 3193 3172 299 5040 3503 779 8574 3587 854 1152 6404 1484 8688 5767 1229 1220 
9237 2997 4065 1243 8884 2238 5431 953 1901 6711 3291 2202 9370 815 2666 4637 6293 2662 8887 8964 9307 7868 2836 7910 5685 3676 362 6061 9728 4097 6234 1694 8339 8958 4609 3655 5442 4488 8645 8565 8659 6677 6400 317 9124 5109 7441 7430 521 8930 3739 7751 1847 3745 3147 9427 3001 5857 47 9766 2620 5972 9767 4928 8988 5005 3931 6103 7007 5630 6842 1318 5118 2557 8546 8141 6622 9376 4555 4679 6700 9669 526 7211 5396 1531 2405 7390 1170 8581 7733 4394 8128 9833 3940 4360 1656 2002 8266 2687 
3075 2028 5063 8217 2113 9557 3478 3339 2800 2592 8101 7461 1704 3700 9168 3349 2333 9659 2866 955 8983 4446 6413 4357 3281 8148 189 939 9782 3686 3820 3410 1228 2422 1650 5451 8761 2721 8616 3123 2019 4847 2573 5630 2538 2199 1891 1879 5810 5265 3066 1962 7830 602 4985 3870 1713 9636 4127 5784 3822 416 764 4536 5041 8639 3518 1260 7886 7749 4224 5544 9529 487 6224 4340 9951 5202 6442 7703 9466 1732 5673 610 9764 2223 3601 3484 173 5500 8730 7749 2893 5441 7208 4436 868 3327 3572 6394 
9755 6354 2234 747 6913 3045 1391 7160 5250 5138 8738 7041 9201 8198 9063 1595 4264 4854 4319 673 7492 735 5540 3958 1311 3875 256 8746 2911 7415 5842 206 8883 3483 2680 1896 6970 4406 7795 3734 7992 4982 5435 2041 5256 18 5560 5826 9931 8910 403 1994 8520 5790 5121 1465 3696 2629 914 3699 4574 398 5930 2576 6906 5680 5517 6196 7375 9179 116 1733 3551 1303 4577 5837 1000 5078 9038 8493 5536 5869 3527 5888 9147 1277 3043 3516 9186 8271 4762 1544 6092 7161 3545 9480 4901 3292 7399 6677 
6250 2154 8088 1064 5334 7459 7646 5826 9803 4964 3234 4030 4635 8111 1569 252 6818 3231 8486 483 2105 2475 4687 7373 4063 4792 8698 384 4248 953 3658 2484 8208 4478 2027 1060 7437 8576 4619 1900 6749 5805 4422 9944 1000 598 4705 6804 47 7844 6904 2931 8570 8824 6260 6872 6731 3612 5568 8581 4819 878 8355 9633 3457 4172 7001 8394 6178 8990 8723 8255 2593 3107 7608 4799 169 4591 6130 8209 4788 1385 4856 7202 6721 6646 8780 2442 9467 1490 5482 7426 6863 4851 9559 5240 9338 235 6857 1024 
2038 63 8495 119 6655 5486 2975 4642 3405 4048 8695 3781 3867 6153 3460 5109 7279 3958 2551 6244 4483 1292 2400 502 4338 2654 6260 7523 772 6978 3969 4992 6602 2907 4902 2744 1769 4253 6916 5896 2698 7880 5855 5136 5559 5669 5981 3705 3954 7559 3528 9113 5415 9424 2514 1833 3514 8231 5917 6173 2415 1635 8755 2945 7629 3504 5069 8370 2116 7741 8074 9260 3271 5854 571 3374 6137 8113 8402 7764 2281 935 3989 7163 7085 9849 2956 8492 9354 5264 6927 5826 1730 7615 6753 8714 2093 7870 125 1503 
419 908 9429 6755 8501 4337 2271 2063 9510 8511 4578 3999 2069 2014 5381 612 8570 1823 2504 6895 5248 8208 3571 126 5090 5438 6916 2438 3696 1901 967 2809 2589 8501 5562 812 1231 648 6134 5963 725 6460 4624 8128 3426 6419 7376 9920 8815 6214 2993 3829 5268 1230 2797 1657 9502 8219 1147 7281 4193 9870 569 6944 7751 362 7468 9877 6526 3564 4339 8413 4507 1806 1805 8155 4659 2274 8145 5814 4892 4509 508 9511 3721 4880 8737 6856 1539 3677 2913 5189 637 9916 7932 2877 9539 4866 7607 1854 
4600 2588 7978 8978 588 928 2223 8314 1888 6727 4562 6648 3407 4285 5239 6574 1342 7338 7349 7815 5439 1879 6578 8478 136 462 7796 5863 7426 9850 1608 3540 5154 8221 8668 2146 9680 9631 4645 6870 4576 8938 3250 1177 2710 7551 449 1380 5110 913 6871 1235 3211 9673 9573 4921 1232 2236 2949 2123 1454 4303 9664 1369 3287 9287 1767 7049 196 8010 6727 9837 6112 1133 8068 9900 1705 8933 1527 8717 1611 2474 4310 6396 4786 7934 1603 1554 771 6344 8245 5079 4738 811 9142 8429 7180 1120 1364 9903 
7450 1879 6270 8447 7423 6006 3526 6846 4350 2148 7528 729 7136 1561 2015 6899 1030 8235 2740 7288 5643 6288 6246 2929 2717 9537 7781 2599 1099 8753 5355 3681 6334 66 5046 4542 1909 4031 1038 3172 8968 3925 5435 3909 5843 9190 430 7118 7390 2970 667 2539 9770 3056 3645 6492 8738 8044 1635 6190 3114 1587 2838 5883 6835 5071 9920 256 105 3474 3896 853 4956 3977 4922 3368 839 7740 2096 6999 5168 5963 1472 6702 3588 5771 5375 418 6216 7992 9919 1165 7479 4073 2925 3778 8814 6612 2767 4653 
7455 4928 8966 6104 4174 5741 4012 2536 7904 9908 6892 6517 8584 1415 5995 9452 9220 9850 9700 6155 741 5339 6147 2838 4417 3149 7644 5247 3575 1454 8744 2014 1145 5277 434 4368 900 7520 6150 5557 1646 2511 8455 7296 4848 7785 6696 6642 4489 3142 7091 7815 8598 8723 3380 2508 53 3371 1085 2361 552 5786 994 7306 8638 866 2813 1179 1678 3853 2137 5873 10005 9881 4762 9271 2592 5328 6955 705 2634 8091 5179 9272 5816 7286 1466 7631 1412 4502 2081 8083 6349 6521 6562 1352 2459 498 931 6878 
8043 9764 163 6266 5191 4574 7545 8277 9460 3071 1422 5016 1997 1528 8585 8521 8856 7534 5798 3931 8733 6281 2142 2129 3072 5412 4311 5967 556 5977 8169 3444 8734 9243 5211 1332 4983 3091 4300 237 9198 9075 3796 7464 8404 433 3608 8714 6126 437 5908 2437 3155 179 2456 5090 8591 317 3809 8420 1664 4555 4941 5542 9023 3445 5607 4868 9648 503 3848 5479 1576 8879 2949 6358 2759 2995 9734 7708 5095 4104 5799 8798 1456 1036 8003 3421 9014 7146 6821 689 9031 3609 2317 8103 1420 9299 1745 2391 
6216 232 8632 7363 9440 2453 3791 5921 2107 1243 5953 2420 6865 8913 7932 6291 9293 6503 7172 2273 1435 2649 9187 5181 899 9809 2319 4347 5641 539 2694 9443 1886 9451 876 4377 2409 1800 8017 1198 6606 9729 3946 3267 5810 877 3477 4563 3089 2977 4458 7105 743 8107 9291 8329 1113 60 711 9461 9786 5128 8173 1388 1620 3538 4784 1950 5699 901 3434 8949 6579 1600 4223 784 6012 1114 6490 5851 9782 6519 7856 5085 2677 8898 2471 750 1208 8762 1624 6184 1760 7296 8025 298 2689 3223 1594 1043 
8018 3078 1610 4071 7997 670 373 6456 9416 8516 7525 4991 2007 726 4428 4998 1116 4278 7204 9311 3479 9011 5810 6920 2566 7780 7106 9275 8856 3735 2364 9110 6324 4022 6164 935 3316 740 9153 8839 1661 9259 6387 3147 7716 9770 6286 6828 94 7490 4008 4861 1616 5525 1835 2205 6822 3113 728 1116 1729 5416 9950 7921 8296 9306 1463 8227 9432 7783 5486 7104 6973 2098 1487 3867 9110 4816 1026 4019 5049 5958 537 6708 4630 4310 1560 2357 5745 5853 8666 249 8373 7089 4214 5627 394 6960 6324 7937 
6964 1071 2889 6322 9301 3112 5076 1897 649 3753 9143 1437 5737 3796 3648 3504 9138 9346 4764 7987 328 2923 390 4100 5278 4807 1286 5970 6044 9428 2087 2308 2917 4259 9983 3178 5362 550 4171 4040 4288 2795 8012 1221 2581 5929 8399 2295 3475 632 9179 3852 3659 3626 9326 3351 9595 9546 6388 8604 2845 2251 7336 8376 8612 306 1561 734 6245 2295 3993 2493 3239 6868 3089 8471 9770 5980 193 3234 3435 7791 6020 9066 8816 6155 641 7327 885 1878 275 5656 1726 7441 7211 6790 8017 7328 8001 6664 
