5292 1378 5803 1503 5248 2557 9237 7516 7299 8207 5184 7580 8778 8657 5076 4569 7268 6344 9194 8395 2197 9516 3513 8943 3133 680 771 9700 9289 405 933 414 5526 1312 8834 8485 876 2833 3062 5701 9258 7904 4195 2077 2498 6095 1016 893 412 2093 2181 3204 3740 5913 429 3426 3677 9748 8359 7599 3885 4939 3683 5015 2832 2333 4193 8559 563 267 6353 9901 5120 7900 6400 7777 165 7504 4905 100 8250 8284 6666 7499 1492 8428 9566 4191 2985 8656 8985 7482 3388 3563 308 8147 1731 7096 3470 8333 
6521 491 6806 184 8861 6554 4587 9680 4367 7777 3916 3569 8008 2766 5099 5312 187 8545 9274 3397 5630 3196 7327 522 2171 1673 6715 405 7422 3338 4231 5214 406 9439 9953 2182 2431 4264 958 3924 5247 5507 8154 8007 9793 1200 7635 5590 868 1627 1857 5615 2077 8762 2449 5013 9594 1101 1578 2308 4351 8270 1164 5881 3929 1549 7203 9015 9053 8795 2759 4199 7358 1185 5548 499 5813 9371 7648 4466 9398 3349 2541 8203 7793 5730 5505 1331 8599 9200 700 4420 770 8806 4054 6199 1709 3964 5258 9904 
6105 5558 9703 8370 1026 6171 1894 7342 2291 8518 6516 2254 6754 9829 2675 4209 8031 5036 736 6757 248 9577 7076 6091 5228 326 160 1650 574 6700 2851 2837 27 4246 4153 6963 3879 2324 8190 1190 2160 3060 4033 8741 9719 1124 4470 2098 1471 6743 3560 3344 4748 7476 9215 5279 9020 9657 4617 7730 7535 6910 783 524 8874 8488 7759 8863 1574 8033 6434 7871 1767 617 7866 6780 1120 4594 5131 2061 9646 3895 1408 3364 2723 9987 2041 7847 9537 9562 6644 1322 1406 1081 2910 2090 6682 948 971 9347 
545 7411 8014 9537 9831 2326 2646 2747 2755 2938 2598 4043 3772 4801 5862 1442 6620 1311 2539 7883 7539 7733 2801 1429 2330 4204 4203 1066 7003 6706 9896 7922 7857 404 3176 4734 7370 6374 7017 4230 3113 141 9908 6273 9840 3612 1274 3066 8365 2252 2617 2059 7410 7572 645 4188 8902 936 5342 4668 7317 6157 4746 1341 7323 7380 3214 7606 128 6255 7963 4741 5373 6535 8489 6537 8924 7044 2906 321 3564 7223 5106 8061 8353 9581 7932 2898 4765 7368 5531 7588 9169 2506 9629 7267 5450 5072 1867 1673 
5522 9231 5945 8125 6384 2264 3787 7776 7106 9207 4023 3535 618 6010 5776 4890 713 1741 8369 8277 2767 3654 6100 2082 9816 2315 5145 7692 8980 25 423 2259 5376 8390 4122 6856 7756 1406 1422 6528 8315 2924 4439 2004 7466 4758 7246 8077 2403 4131 8951 2085 2157 3155 1092 4144 3516 8181 9074 2717 4019 547 4077 8906 3482 5666 8350 1719 1215 9519 4513 5213 1257 3364 3998 580 39 4427 7635 5739 6377 6264 9559 3149 3887 7923 76 9049 8077 6030 7306 9382 8897 1741 1446 5024 9630 9063 9249 6790 
8248 3875 374 3688 4384 5690 4513 6604 7586 9611 5206 1698 8074 1158 397 3635 9822 5532 5314 5835 4476 2976 6067 399 4698 7279 6471 4133 5645 4713 2000 5849 9067 4950 6312 9222 7180 2213 2019 734 8740 6296 4077 251 3297 9434 1160 5650 1533 607 1647 7272 4158 6135 3163 347 8491 106 9893 1675 809 3246 4307 7546 4772 5584 2010 6966 1669 3646 932 3291 7173 3506 5139 4812 9067 9598 2130 6114 887 5875 750 659 8247 6572 4766 8792 7753 3816 9226 1383 5820 9534 3180 4242 9075 3604 3659 7757 
7853 8533 3655 7857 978 3231 9724 580 3054 9218 1030 4428 8620 928 6400 2642 7611 6721 1225 5210 8657 5620 1918 9551 1955 2043 1167 3457 7904 851 1963 5376 5099 1664 1169 3350 7875 6944 4833 936 9531 7608 1055 1453 9514 8396 7903 7315 3866 3516 6551 1131 4670 9349 7661 7106 7107 7382 5186 4324 777 5383 7627 7041 9427 471 5693 6641 3251 2480 5336 8995 4266 2697 5510 8736 3526 207 2099 2308 5061 163 6873 3920 2745 9525 5800 9608 5957 7143 4041 7166 7601 9937 7954 8588 2960 8672 2305 1920 
3551 2420 1414 9777 6120 4984 2260 6979 3380 4936 1218 7705 730 5962 5562 1135 1589 1827 1102 3270 9804 3529 6957 9633 6147 1018 7 2248 6305 8142 810 6164 6659 9438 6393 5551 9658 8238 8599 5808 1322 8415 877 3308 8317 1382 5299 422 2625 1942 2974 1705 9346 2063 5094 4144 4987 2307 9219 5567 1790 3963 6491 9919 4865 1487 2062 8263 7404 1466 6713 8294 8316 374 9022 3258 5539 547 7098 7547 8727 723 868 4205 6582 3480 893 1092 812 8840 7487 750 912 3960 3834 4853 8866 7777 2914 2055 
8378 1789 3734 481 2150 2841 2519 6375 6019 3704 8633 5082 2775 5037 5522 8845 3739 6314 470 187 5710 6630 3463 6717 4606 9734 3774 1358 8566 711 6706 9152 9595 5521 7168 2308 3720 13 9773 1641 4527 5009 984 8934 969 6568 1544 7654 4524 8208 3836 1529 8797 3245 1908 1957 7038 9002 7349 5431 6951 5745 9891 5092 4856 3239 5467 9387 3970 8992 3546 3638 6136 6377 5024 8306 5565 2361 6435 5504 6994 320 1120 4699 5654 752 2829 2577 1441 1407 7296 982 1337 358 5521 8775 2436 1847 2413 4981 
7472 8598 534 4113 7162 3260 7186 6504 6612 6314 637 9811 9376 7480 3345 1552 3211 2996 6324 3098 8391 7690 1064 1416 1121 889 8549 4478 4183 4923 4220 6692 7652 8897 5253 8961 323 6444 5299 101 8179 7290 3590 8638 4439 2785 2763 1144 2498 2936 6772 3522 9413 951 3184 4351 8851 1766 3324 9372 846 8861 2656 3457 4109 780 1163 2820 4134 7402 8370 8813 5004 8235 5706 5628 9401 9512 1445 6200 1603 712 63 7195 919 733 2470 490 255 1658 3867 7482 5512 2112 3660 5394 9206 4945 2694 8332 
9837 1602 7680 2281 9700 4076 133 2034 8430 5456 9780 458 7265 1325 8733 9097 9647 9406 3000 8102 3457 4002 6584 3561 1281 2066 9187 3167 8218 3773 334 5451 8459 7883 3373 2028 9515 5743 2742 1262 9871 8060 770 1832 4195 8958 8046 7694 6776 8895 2068 742 9400 7720 7042 9020 4908 6006 1933 6597 105 1069 652 2526 9756 2003 2612 1473 8770 8728 89 4936 835 6160 9375 2976 9488 920 3636 9333 1423 5277 924 302 68 3265 9219 995 7125 8989 5053 6302 9336 9693 5845 4374 4419 3000 6947 9361 
6349 792 3203 4686 4059 6598 7720 2140 3381 1535 3160 9564 8778 9078 3477 7870 4289 5863 1995 9262 2590 2432 6113 7703 4193 3732 7920 1934 1763 4312 613 7925 7138 3548 4620 3791 1162 3654 8478 4246 4167 1874 5231 1126 2550 3904 6172 9458 7215 364 4146 3053 3858 2518 9528 8838 8464 3937 4274 7037 4435 3651 8311 2163 9027 6885 2605 5148 4414 3596 6685 8590 2119 3180 5616 5491 2653 1901 3493 7153 971 8806 6422 653 9263 4616 6773 3146 1718 310 4907 9000 3665 1620 367 8562 845 8630 6990 7998 
6770 9986 8623 1219 3001 2885 5112 5208 6880 1328 9051 2917 9816 5347 5640 7776 5311 9163 483 2100 4426 6382 5170 3367 8864 8619 6766 282 915 9999 8766 8730 1340 1803 8395 7299 1327 6140 8972 2693 546 4263 5662 4855 7988 766 7539 3855 5376 975 1723 1278 5161 4620 1195 6932 3460 287 8904 8750 1895 5560 6633 5623 8963 999 6308 4286 5412 4504 7641 8866 274 8725 1835 775 4904 2002 1877 5277 9573 4311 7219 6152 3290 2621 2158 3925 2916 2703 2722 68 6956 8045 1726 1412 5595 2326 5141 953 
9721 805 8944 8017 875 1730 8258 7711 6412 3349 5182 9685 8232 8162 9170 9324 1819 8683 7607 6209 2340 5928 62 7828 2359 2621 5168 3632 6927 2384 1015 9139 4423 681 9471 2013 2022 9062 2184 3677 1104 1367 5130 5920 9657 6221 4897 3921 5754 2663 5227 7710 995 9944 6663 5976 2986 6082 5450 130 2852 2863 919 4859 6255 4066 6851 6269 809 3677 5066 8684 771 8334 6952 7836 1113 8552 3873 8821 9766 1000 3569 4654 5063 7232 7556 3711 5271 8393 4028 2621 8430 5858 7832 4737 7785 7612 7698 6222 
1791 4294 987 7647 505 2330 7950 676 8356 5052 8270 8798 9660 1867 7954 6641 6838 8330 7903 3267 7 9681 8851 2890 6562 844 8040 3673 8002 7377 3706 8222 4075 8766 2305 3987 6476 5053 6244 7852 5515 7312 6962 3899 7304 1689 5110 6192 4839 2711 5502 5578 9121 9666 2425 4571 8414 5864 504 636 7362 947 9048 7151 1420 7442 6410 3657 7167 8754 1400 3442 582 8329 2421 7968 7405 9223 5583 242 500 5731 1208 5920 4589 9721 5295 8728 9709 3379 1558 6917 2462 8459 7123 9661 6027 6048 5299 32 
8297 1231 4821 8933 1984 303 619 550 492 9665 4044 6015 596 1072 9177 4098 6009 8720 1707 3032 5020 9960 850 6233 2091 3496 4285 8428 8787 3668 2222 5091 1735 8785 9983 342 833 5562 4260 924 6046 9811 7171 3710 9472 2507 2549 5393 6995 3902 3328 4133 3476 8283 9526 2934 6269 5842 3158 4907 1056 6002 650 3428 944 6046 8485 6371 9477 3347 1079 6648 7233 1969 5552 9671 7477 3227 3482 5201 1193 9805 9095 6821 9109 8892 314 7517 8070 831 4394 2489 9361 1817 3036 3695 6583 5093 8832 1426 
8849 2633 5574 4392 8460 4988 8243 715 4004 2360 8166 2764 4241 7174 827 6761 1376 9768 2839 941 7413 7665 4627 8927 3452 6571 7104 5865 2930 848 8261 2223 4695 852 2839 9541 4642 7147 7777 4502 8406 1328 4500 4352 4610 1418 3860 6367 9847 686 2330 7527 2591 2686 4693 8647 7928 2437 7357 4346 9329 8197 9326 635 3300 5785 3495 1314 6619 290 1990 8527 4651 9565 8363 2571 7620 1608 9142 7070 6486 6151 3431 7745 1576 8012 8611 7169 3186 9319 7075 4801 9407 221 6575 2976 4198 7425 3486 2433 
5154 6582 1252 7350 8260 1581 7614 308 7192 3519 185 6797 1866 1898 9753 9433 6968 1830 2372 8573 1031 7391 9603 5740 4464 2954 7030 4413 2768 7418 5018 5106 5460 5943 2398 5097 9531 2582 6 7617 7958 7569 6084 1711 2554 4118 6318 5403 5380 7422 4024 3829 1807 557 4775 6026 7324 4789 6040 6931 5961 7123 4452 4351 6944 7258 8542 2406 72 8776 4661 3323 3092 1825 5985 9182 2563 9101 3574 9544 2598 4371 2965 8950 5737 1142 7437 4849 9469 4419 682 9929 2050 7365 3485 1415 1219 6511 1334 8897 
9069 4414 9645 3049 454 4407 2608 267 4395 3266 2261 10001 6562 2246 6854 5272 9787 1280 7617 9253 1301 301 1712 6880 6347 2309 8785 3002 5899 1811 4968 5297 8226 9100 4623 2870 779 2180 2462 3141 3778 8360 1192 1099 324 882 396 3022 2038 4833 4095 621 2881 9836 8626 620 9618 5527 6680 839 5323 7691 3219 6188 5375 3771 6122 7137 4215 4844 97 3207 1533 5381 6619 7709 6375 8178 9593 296 301 1595 6515 7623 9241 5119 108 6026 9884 8679 468 5725 8877 6056 6835 3665 7314 7966 8361 96 
2293 2063 9532 2822 9771 8280 7422 2131 4480 520 5983 4194 8944 2659 7864 4083 827 4346 6578 4045 126 5738 813 5050 8911 761 8720 967 7371 9964 1328 3814 8983 1489 3093 9009 6114 4187 3678 1405 8042 6952 6776 3904 3748 6843 7228 3633 5659 3391 4742 9360 9056 2962 7841 2386 9977 6585 834 2096 1857 6594 920 2683 9490 9499 4607 158 6761 7085 7862 6766 382 5167 7463 6952 5642 9267 4919 1817 5109 7619 193 2172 8177 3487 3362 5226 290 5848 4526 9180 2753 321 9502 3778 2225 408 9150 8111 
5208 755 7265 7409 1373 1553 4531 9967 8833 4324 1135 8237 9541 3256 5709 721 1046 317 7759 5317 4102 5799 2016 2052 5504 8364 1776 18 6460 8404 2339 8325 5435 6737 5913 5310 403 8893 40 1822 5106 3227 329 424 6736 440 1098 7459 7156 9022 8956 8442 2322 2683 886 8343 2504 4818 8035 6159 6790 5267 9422 649 795 16 7547 4389 802 8014 276 7083 5351 772 7559 5022 7516 2200 1027 1959 5552 7812 3613 622 7864 9355 9394 5293 8266 6187 4973 3198 2482 4011 8284 1063 1685 3174 5232 1670 
2161 9053 2653 8374 4917 1182 2122 8124 2987 7072 822 769 2576 2236 6854 9122 2424 7090 4291 5473 1608 4655 5316 9185 6709 5082 8829 3490 1446 652 8530 460 3610 2204 1165 1703 5254 9443 190 5435 146 9010 6916 3175 8104 1054 791 7562 9776 457 1369 8934 7742 9953 6973 5976 4881 1247 5013 4984 5857 6405 7515 8576 7245 880 144 9663 3170 7992 6557 2738 432 1778 8029 9063 8122 3273 2164 9423 8788 2704 3 9867 2765 2645 9740 5332 9331 6993 3479 5474 4989 6862 4811 5815 9728 2763 6401 5691 
7734 7739 8839 9771 536 1801 8079 4778 5538 4497 3395 8819 6558 149 4772 462 9073 6713 6876 6239 9356 1901 8233 216 5675 4885 4730 7902 91 7967 9157 2269 7194 7712 9720 6175 3645 2334 6174 2190 3985 3019 2300 9336 7961 5770 4837 9638 858 904 6854 766 573 3039 685 547 9406 451 5010 5509 9822 8472 8439 5537 8453 2668 290 4757 1673 5812 8464 4581 3163 446 9237 7590 6149 769 6378 758 6825 2776 8273 7009 8821 2115 1308 253 1668 7272 3536 9885 2983 7158 1663 3485 7783 2572 5132 1039 
8474 6842 7713 8641 415 1363 8886 4034 1133 2204 4564 4312 7751 3917 8745 3887 3243 4044 5546 9430 7639 7725 3523 1825 5256 524 2792 635 7842 3354 1552 4742 597 3119 2096 4343 2210 5522 1878 5473 3565 978 2955 4335 7053 2223 2771 3454 581 39 1138 541 8499 6842 9785 7785 7079 5062 1674 5871 9976 3113 3572 3381 392 7800 2673 9300 9507 3272 4690 2440 642 4969 7898 1498 6402 5790 2894 7683 9852 3700 2103 9378 3429 1281 224 747 6748 565 2544 8262 5413 718 1748 7825 369 8090 7092 1528 
4565 1907 8959 6295 9278 4536 576 5660 2469 5701 3263 9105 3501 7557 8817 7503 2744 7088 4547 3549 3647 4106 1050 7847 1317 7349 2704 548 2780 6031 3713 7086 953 5030 5294 7844 3662 587 2319 3490 4240 7964 4898 6931 7293 3271 1515 615 147 7444 8194 7471 4857 505 3381 1116 4123 1499 3685 1036 9442 7512 3659 4102 8151 6235 8558 8265 186 4406 2258 4437 2790 2136 934 8148 2702 1053 3016 3587 788 8585 7531 3042 1006 2868 7282 9558 6703 7168 3347 3438 4347 6399 1747 781 2163 184 9646 777 
4514 2493 2294 4361 7002 7082 9730 1196 1580 994 5102 299 5269 5376 4046 9583 9328 5307 4017 7888 3122 3897 8917 6799 9103 2707 6431 8130 6794 723 5023 3721 1243 7303 5017 2303 8875 5820 8694 9907 9205 4252 1737 2598 3789 8997 6561 4358 6538 9540 6956 6699 5427 8960 7777 2083 4016 7762 8380 4244 9152 8607 9697 3570 3201 4547 7935 5618 8550 3130 9911 5607 7549 6928 9169 1099 9398 201 6749 4122 3772 7602 4854 4599 9655 5680 6191 4763 1644 8094 7094 2215 3438 2973 5382 3525 7766 5706 1921 3075 
3817 7123 463 698 1729 6480 1141 5966 5820 8069 6574 1340 5731 2406 8842 5528 3261 2666 3987 3646 325 9644 3149 2984 7509 6015 3351 114 1575 6458 11 4529 3290 5285 7216 7554 7733 8681 1812 7890 6544 1950 4311 9769 6914 8182 9952 9639 8208 6812 2121 2846 9193 2187 666 5251 6308 747 7503 9151 8248 5064 8194 7136 8608 7679 6507 9429 6954 1022 2322 3140 3873 7708 7823 2759 2287 8847 2765 6725 887 2097 1327 6173 4422 6178 5435 30 4775 4441 6707 5277 5159 4819 5285 8232 8065 1402 7469 7839 
6655 4000 8030 7655 2931 989 2295 2064 8615 571 9820 6159 1839 2974 9869 5076 4839 331 183 3462 5989 3190 7384 4121 5173 3431 4418 8044 1210 714 924 2454 5007 2409 1601 8451 8415 2320 8225 7038 9028 7240 6215 6864 3383 2552 6162 1629 3749 2824 1775 1465 8955 2626 2876 7054 7029 3048 2389 3591 1949 9405 3734 9355 1221 5347 6695 3056 6747 1203 5983 9848 4716 2430 9561 8870 2826 522 7757 6814 1285 3805 6366 5494 3881 5100 2737 657 1936 7275 9317 3818 1611 9994 3541 9168 8493 9668 5408 5473 
3505 4004 8391 8480 1385 4163 1885 8911 6638 3843 8269 6715 9514 9963 5000 1603 8070 9397 8191 9515 183 5285 6500 7485 2968 659 3496 1650 4263 4289 7619 494 7 6994 182 291 2570 6953 4687 1664 8986 9535 6513 6063 5282 4360 4570 5515 3386 4054 4927 9167 5255 8127 5872 8498 8527 9049 3157 9336 2126 6844 645 2260 7492 1968 474 1156 9688 6811 982 2170 3289 4416 3987 9081 3418 9339 178 9072 2518 693 7832 732 3257 146 518 5690 9457 4076 5621 4059 714 2187 3382 4508 3523 8189 2626 4769 
7855 2100 4007 6293 9344 8064 1683 5017 9178 1527 1885 511 1045 3705 351 3550 231 2268 7682 3397 9247 4423 5498 2278 7987 5727 6962 2157 1732 7326 6342 2624 3180 877 5700 7077 8409 3974 4091 873 1660 9199 7871 1351 3589 9530 2709 1437 6936 3884 6056 2925 9359 803 7855 1630 6672 4518 746 6175 8790 5967 122 4833 6254 4325 5415 5060 6024 9620 8802 5667 4675 8553 3643 6482 1140 634 3508 2841 194 4001 2584 189 6759 4435 4376 83 6408 6788 5580 1857 460 203 8931 4890 8938 8094 6453 841 
727 8835 5979 6144 8173 7364 6597 5225 5587 8125 921 7749 9727 6941 4582 151 6732 2391 4198 5751 9868 7015 9233 2439 8928 5729 8118 7037 5028 4422 4996 1678 4344 3382 8080 2874 7415 7828 4808 749 7074 9048 8792 4133 9019 8737 9128 1428 9439 4477 2998 3155 5044 672 7859 2131 2367 6021 5817 8140 3094 4857 7044 4053 6800 6308 5540 4277 817 7367 7445 6511 4165 2114 8983 7318 3412 2519 2074 64 3561 5536 7445 8690 2174 6829 2558 4831 51 7796 7928 6385 9569 6573 6323 2850 6414 5896 2717 7809 
7759 9457 5287 8784 4772 2511 1418 5567 5325 2302 3345 2803 3169 8201 3449 93 707 7735 3839 1294 1538 8649 8357 9999 1676 9363 7502 254 4632 1253 9969 118 4411 5462 5388 6414 8383 1916 6243 9213 1074 350 2403 3384 3491 798 1191 4378 8560 6645 2441 4691 4925 6518 7468 3495 6489 8692 4632 6812 2234 5378 9513 3303 8028 8264 9440 5774 742 9402 550 6044 5327 1058 3701 3243 7740 3534 6989 4940 512 2014 7911 2143 5678 7286 4465 3005 2344 391 1877 8580 9685 6919 7251 6991 3212 8308 5299 9022 
5930 2919 2014 4819 8990 6136 3423 8645 2898 6324 1678 6388 9719 1134 2157 6362 2614 9702 4925 4426 2686 7538 9591 716 9768 7206 3456 8366 333 7007 2818 466 3245 9065 1621 6559 8383 5539 8813 6840 6953 7306 3966 3307 7445 9507 9377 522 8086 6298 1434 2792 5323 2830 5364 5832 9730 4002 3651 5445 5932 4900 4308 559 541 8910 9158 7356 1198 9221 1020 5289 8805 8121 2080 7407 7284 9354 9349 9643 1189 8748 2274 541 7874 4243 9617 912 1875 1397 1740 2833 9402 3850 2034 2938 5568 4638 5641 8311 
8277 755 2224 5121 902 3947 4507 4682 3163 3202 4230 9181 5484 5589 810 1461 7845 9868 9998 9653 1801 2873 1742 6407 1829 6403 1061 3164 1365 9364 9256 524 652 3017 9571 4925 7757 3815 2131 2119 3147 3488 8315 4221 4223 6389 8533 3771 2044 6641 5648 533 3623 6745 2342 9722 4406 630 1177 6671 3730 9513 7435 144 6622 161 8611 3004 5184 8592 3912 2215 8765 8827 3052 29 2620 401 1831 8616 1935 136 9207 6551 8823 4763 5387 3799 8088 955 9912 3319 4771 4999 1969 4752 1541 9262 7962 8615 
6949 9091 4226 5942 6090 9956 8388 8831 3158 9799 573 256 5808 988 2912 7614 8929 9792 3659 3032 3954 9627 2533 9547 8708 4412 150 2858 3920 610 3990 223 1181 5990 2367 3980 790 5435 7551 9693 8176 6038 6969 5416 5472 9484 9586 1511 1468 3732 7862 3457 9404 40 2966 9889 4981 9726 3891 1828 9389 7214 5428 6349 9344 9075 7581 7215 7753 8003 1417 3239 3702 4347 1140 3098 4773 9841 1904 4950 736 7923 1752 8793 6989 238 4491 6309 4112 9297 3770 4425 453 1571 8528 8762 3651 6377 3833 1410 
4807 2337 6686 4698 3843 520 254 3347 1578 3107 1299 1442 8904 1498 9650 6757 6405 72 6899 9735 175 8010 2811 6709 5718 2857 4483 6889 4382 164 7099 5428 8063 3354 669 6742 1284 7053 2016 4660 6805 3453 8923 5294 827 292 7391 6715 3732 3771 6099 3550 3090 8302 9595 5804 8738 7784 3038 9515 7178 2370 675 654 2526 8681 3451 5036 4548 178 4290 2064 5554 5840 1605 135 3416 7375 7776 4064 2963 6026 1021 9878 1693 6705 7432 4730 2929 5995 4156 1400 8195 2896 3754 1679 3903 1883 3208 3048 
1212 942 8437 6974 5346 909 4253 7619 6497 3895 5310 8989 9067 7781 1326 10003 4447 7324 6248 2382 7751 3816 6161 4107 2971 5765 3430 546 1022 238 1106 8211 3907 7503 3407 5941 5695 8129 8178 6117 2918 3667 8471 3974 2634 1350 8460 5333 3747 1703 5206 1102 4552 9737 7218 1814 8421 6771 8157 3329 1598 7708 8595 7826 8672 6619 2136 5895 2322 3838 5702 1392 9561 5100 6576 4810 8777 9038 7131 9729 2933 2606 3848 7388 6077 109 5939 1512 1823 3886 5073 5984 7409 4888 9841 6317 5815 9557 8887 9365 
7032 865 925 9330 2073 9477 4843 9542 5816 6771 6568 7378 7588 3455 4346 2331 5667 5526 2980 9968 4830 6964 2821 2675 8581 7249 5112 1316 3393 1692 4115 3896 6532 9194 4172 837 4550 992 8638 2925 1593 6227 3481 706 8957 7686 2461 1932 1279 7668 3223 5508 5206 2616 121 506 8852 7951 7724 4672 4153 4326 2745 5155 1184 915 4781 3287 4843 4825 2396 7880 9520 2656 7900 9220 1073 6042 7098 9347 1130 9603 8200 3878 8015 6686 8578 4654 9234 9473 1953 4226 2401 2631 7946 1172 5527 5148 2337 5474 
7252 8305 5458 4688 2932 3267 8608 21 7263 8002 580 9358 6172 1050 9862 1803 2125 8584 5194 6597 1243 1098 5236 5228 5784 5940 3521 26 1770 5585 7388 4343 4321 5013 4043 453 4329 3560 8280 7934 2448 5622 287 5272 819 8563 1942 8846 3066 3755 178 4719 7150 7250 9194 1305 7078 5530 7519 2308 8595 1675 9629 4490 8685 5709 5022 9657 1398 4275 3364 5385 4833 4101 4148 6253 5095 5954 8384 9650 3048 12 4446 1742 7062 9037 1950 3201 9523 707 1947 4034 2459 4724 5342 1199 1661 6719 6670 3357 
3806 1737 9570 6264 3177 5601 641 340 9746 1014 6761 8276 3546 929 9417 2402 478 1615 8508 4657 5962 7879 143 635 4679 1293 7842 8355 9243 7310 8723 5006 8571 1864 4003 9480 2322 6516 7868 6926 7318 2463 6793 1555 4724 7659 8618 29 5482 6646 7602 1009 7720 5190 9929 5255 4288 1882 1144 561 7437 4553 5041 4811 9687 8727 4186 549 304 56 9650 4051 678 5558 8372 8837 9363 8112 4667 4562 6814 356 5285 5745 45 7213 2878 9194 2994 4564 5162 3826 8439 3324 7861 2870 1088 7223 7218 6732 
4129 1938 651 1888 7843 5441 5630 8184 6595 5076 7982 4700 2260 6372 4299 2416 4798 9433 4853 7059 8106 8912 2000 189 5818 5975 8451 1965 6861 2311 9529 1655 9185 2987 6300 2191 9041 2861 6115 836 1380 2013 2260 9722 5952 5382 1516 5769 1922 9907 5184 2259 6378 8206 3530 3223 218 1105 374 1064 144 9392 5496 8122 9625 3719 8776 2624 1874 829 2699 7443 6147 7453 8159 9996 168 6348 274 4641 7787 4847 4587 2833 4848 2872 5745 7453 8994 2823 3548 2146 3222 1614 6369 4890 3754 5741 3174 9364 
401 3441 4901 7581 3373 1838 4680 7066 2816 7718 9398 6114 4512 1575 4130 270 2096 1661 1188 7910 1100 7275 1244 870 7279 7127 1025 164 4863 1682 8821 7620 1125 3078 7398 9792 3667 3150 93 3945 4598 2736 3941 254 1665 8838 3123 2716 3090 9600 9822 7728 9474 6919 3031 3804 9145 4673 1517 7400 6840 3702 9281 9313 235 6927 2323 1190 6487 40 1394 102 6975 1050 5611 1165 5692 5596 282 6246 7600 5283 2246 5122 7862 7211 9666 3857 7386 5625 9338 2159 6571 3130 758 1184 186 8811 728 3166 
747 7206 656 8205 7147 1834 9245 9885 2679 6676 7927 9839 723 2891 4472 3878 9543 8275 142 10005 8565 6617 9158 2519 4327 2884 5786 8311 6623 580 6339 7326 4103 2683 30 712 5414 2307 1537 4778 1056 9738 8639 9391 8615 6915 849 2739 9219 9281 2057 5200 4919 3207 9105 4234 9977 3315 5384 5695 7310 3810 8356 5886 3823 2409 5677 6067 5685 1498 1224 9258 2401 8709 2197 3239 3837 7320 2662 3852 4480 3984 569 2044 6012 4081 1255 5872 3950 1763 6193 3026 210 4484 5187 9392 6117 9414 2999 4788 
3671 6519 83 1904 6633 5198 7909 1993 1034 6218 9722 3891 7962 4390 4823 2860 2523 8621 1610 5410 8263 3074 5563 7118 5908 6828 3913 9985 5404 3415 1387 8949 611 5786 6378 6372 3303 6564 6154 5515 2689 9640 9081 4679 8679 1656 1315 4074 5593 1808 2439 6109 3079 6273 6523 6111 9256 2596 2267 5098 9623 6693 9596 7038 1939 5183 1856 1733 1774 2297 9050 8834 8377 8672 4054 6809 6133 414 5985 3717 1155 3839 4010 6197 5062 7035 4374 2195 3676 3252 3647 5372 3847 8326 4105 1515 8905 2671 5118 9030 
8492 34 3316 7179 7730 4303 7540 9799 9476 7168 9276 6625 6388 4819 2354 1554 558 6254 4228 7814 9680 9462 5073 8275 2677 3221 2188 5434 3594 2183 1824 7122 3059 9730 5157 1042 8196 4555 11 9419 2985 1939 1418 9191 3785 5373 305 3672 1927 5508 8206 9457 8263 7579 2705 8569 3309 6067 2232 5161 9622 1907 8844 5282 6184 7321 7455 1209 987 988 9183 8108 3325 7768 4146 6752 3296 448 3158 110 1526 8628 7584 3562 609 6592 7721 4543 8246 7348 266 657 5486 3476 8048 4286 2569 1283 3405 6764 
3557 5958 6974 4502 9515 8383 7078 9920 5944 8251 9144 5277 8147 1152 1099 5176 8899 2161 8237 4880 2805 2838 8907 5111 274 5784 9129 1413 6757 4857 2804 1713 9528 7728 7575 542 3446 6892 3973 2304 402 716 2348 4329 3156 6049 7150 9210 6425 5466 8809 1753 1800 3128 6571 1679 7258 4427 7571 9961 4009 9160 4991 5941 4444 6970 258 6443 467 3124 9298 8063 5073 439 5051 3902 3541 1866 5645 1735 838 3013 1499 8856 5621 4495 8240 5517 8513 955 6210 3055 5681 3779 2133 8413 1382 4958 9834 4786 
2886 48 5788 467 1802 9848 599 1168 6840 6693 3070 8831 2798 7767 6775 5254 4068 157 2601 3959 9883 8953 8418 3011 1334 8595 7938 1491 4060 8873 8195 4455 6256 790 6721 7625 7786 2808 2989 9701 7904 9096 7733 9599 2576 9527 6383 809 8147 6667 6958 5484 4022 8436 7453 2642 5938 3564 3512 5811 8016 4571 5662 3948 8769 2553 4010 1178 9768 7919 2473 3425 2298 9758 7633 9782 8232 6301 4643 4356 166 4859 2242 5603 5289 6534 1158 6323 8043 5092 6773 4995 5421 9559 7127 204 4171 4054 3049 2323 
4176 9654 9618 2257 4885 7280 1882 2626 1333 1860 8894 6673 5540 6106 1474 387 4653 4249 5459 9775 8422 9005 6352 9625 8779 2044 8238 7766 2140 4419 7327 207 5460 1046 1346 2987 215 2229 4639 4965 5009 115 6845 9096 3624 580 4867 9666 4744 5849 4337 7303 7103 3228 8981 9938 3935 9237 1695 2077 946 9016 4689 3427 6689 7602 7221 8030 2939 1154 7317 6052 3178 63 39 2195 7525 4102 8186 6727 9959 9229 7107 97 3285 1539 3182 9446 9813 5096 4991 5707 8980 3460 638 6414 97 76 6220 7744 
2148 4817 1201 6741 2994 1410 4477 1019 8556 6848 6264 6227 1640 5097 2818 8698 6360 1734 1231 5421 9646 8725 8072 7919 7715 8824 6104 7259 1745 9017 1723 4574 765 2270 2007 7207 9026 4221 8314 1969 626 4196 1770 5595 1766 6392 6484 4770 2403 7297 7490 2996 51 2519 2325 8780 7209 1158 3619 5496 967 4273 3368 2594 6283 654 4504 8519 7230 6759 6613 4497 3360 2007 3719 1966 6243 1093 1503 4246 505 9541 3267 4987 295 4751 5735 1057 6477 598 8924 4363 2745 302 6846 7648 5108 9022 2820 4828 
951 8256 4537 292 8865 7703 315 5404 8727 9534 1320 1932 8807 3247 4878 5252 8895 801 1287 3158 6559 8960 3851 4719 5970 1625 8974 2696 5509 2774 1562 8338 7103 1953 2955 1583 2247 7562 5618 559 6449 4178 6372 846 8336 3222 3729 5497 6142 4131 8591 5885 637 6573 2342 9996 4373 2952 8270 2927 2051 529 6445 5795 9156 3201 781 370 7953 875 7076 3374 7717 3211 6953 3546 3076 1479 5530 6378 3589 159 5982 9417 7286 9251 4979 5853 592 6235 1679 9544 1758 7451 3333 6963 5669 3878 8864 5324 
5883 5725 6823 8000 3227 3126 6178 3747 8256 4135 1999 4776 9923 7223 7377 5614 8920 3987 1310 5466 7575 3233 5315 4124 7397 3693 5653 5218 481 7316 5704 6339 1667 9175 3639 4935 2570 9145 7866 3520 4884 8938 1220 7815 480 4957 9633 7715 3767 6281 6714 2044 8913 1717 3093 7484 4285 8911 4662 7700 3291 4585 6478 7988 8932 6703 1701 9704 4684 2574 121 7867 8684 3581 7 750 5710 9067 8152 9741 9881 7049 2369 6487 3751 6567 7388 4968 6916 219 4548 9052 5340 3295 6099 6433 2412 9285 8536 4035 
9841 2540 4211 5006 8513 361 3748 7588 371 6139 3760 919 7113 158 8228 6539 7814 5575 9735 8270 5941 4629 6562 6319 6914 1031 8270 6265 1494 3396 9158 8555 5864 7281 5914 9770 3314 9571 9304 308 1974 6172 8596 1642 6799 9663 1747 8753 5809 706 122 9134 8912 9652 1803 6779 6629 7839 7736 2706 7804 7276 6624 2176 8877 6005 6233 2658 1471 1732 4163 653 7332 5811 8684 6584 107 5973 4991 3016 1849 3398 3293 2356 832 6547 1545 623 435 3553 9691 588 8079 9081 7940 7097 9187 5269 5731 9802 
9404 549 7272 5141 6294 6128 815 7011 6952 1237 1617 2543 9279 6951 4997 4620 544 7959 8772 4910 5839 3188 4527 8304 9040 183 1176 7098 4795 7234 6886 6511 2532 4818 5142 7415 7110 249 9399 7346 1976 8826 5121 8934 3838 5850 6778 9540 6066 6026 4306 9682 287 8972 4184 5804 8106 3356 1533 4838 4038 638 8235 8411 7928 6670 6034 8432 3671 1366 5487 4542 8439 9385 9861 6482 6351 5025 2761 5752 4466 4866 4992 7282 1579 1936 5553 6515 7850 657 7534 5024 4019 1457 3190 2236 8548 3798 1942 3160 
907 9125 7583 7011 1703 6333 945 862 8354 5271 7379 1410 4571 4552 8732 7548 2276 5880 4272 3423 2984 2566 6683 6707 7555 3930 3157 171 8093 4759 6167 1733 1915 2281 9804 8263 2686 8557 8249 3707 2898 9392 1230 3857 7240 3026 6380 5305 3866 8173 958 1250 1309 607 8077 2822 3186 3378 9698 2345 8611 4734 3756 9469 4467 6184 242 8673 6019 2292 7785 1389 3759 7569 5346 9489 2141 3662 1383 5927 9013 413 5859 7606 1711 7094 5417 5736 6774 5369 8834 123 2091 8817 9953 3230 8998 3182 1299 9624 
61 4217 8952 8495 6893 6467 1126 6652 5443 9419 200 6383 7631 8722 1976 5115 1909 1179 9263 337 8458 3932 4092 7296 3476 6135 19 6453 9991 5458 9003 9797 1234 8506 7996 8249 6915 2716 3207 166 9109 5527 8813 2709 1124 8975 4052 653 7939 2944 4938 5618 5477 9135 831 7225 3056 9957 264 2528 8444 9094 6848 5781 3273 7101 8308 5367 6375 3424 1007 9462 5313 2733 3337 8559 590 588 3711 9996 246 1569 8812 1047 7621 9532 9377 9084 708 7858 2787 3561 2928 1327 854 3348 2033 7314 758 7831 
4372 3684 1555 6604 2393 5644 6602 293 3722 5945 3368 3511 3264 8037 9660 306 882 7658 9288 8007 9459 4786 3373 4063 3927 4407 3951 9031 2616 5676 4036 9095 8199 8813 5538 3841 9878 5622 8011 7537 6640 6878 5094 6223 3475 8790 9227 7050 7530 7137 2147 808 2057 8405 656 1861 8052 5368 1653 8400 7230 6767 7683 7162 9173 8190 6519 3580 8103 4327 4611 1133 788 6533 7212 3369 1359 1078 3424 7307 1895 6426 2867 4527 5925 9062 322 5270 1262 3012 3961 8163 5778 6470 7903 6847 240 7723 4235 260 
8048 4183 7422 2289 7018 5357 6815 1081 156 743 6294 291 6391 5541 8229 4810 2620 3264 5059 6830 2102 2558 7110 5144 7211 4324 2017 8090 6262 428 4113 4075 5390 5896 1165 2575 8730 1527 9609 5636 5128 3274 353 9086 7672 2864 1910 6856 9207 4908 8062 2510 4876 1978 6602 3786 7182 1918 4305 6053 4759 929 9060 3274 1697 1164 4830 1550 9256 381 9358 4463 5127 5167 5486 6139 3375 9880 309 6225 1413 6636 644 1402 5586 4653 2934 2721 9649 2253 3380 2144 8130 8412 4813 5690 4897 2281 7032 2990 
5644 3607 4400 19 8172 7242 8139 5848 8085 3766 1082 8864 9189 310 2800 3835 942 7310 6520 7712 8179 7244 3715 8782 8489 1005 8141 4971 5042 1649 8776 4094 581 6356 7478 3326 804 4022 7207 9987 1475 4324 1606 3763 6865 9707 5407 1931 4535 9815 1245 3701 8562 4002 6889 5953 5880 3363 4506 5974 3026 6778 4331 2262 6181 5592 9956 8581 5446 8639 82 5240 4107 5646 651 109 9974 9615 9153 7829 8771 1207 3350 8410 3692 8499 1624 1067 6155 2574 8270 1873 9755 7825 6891 6098 7638 684 4028 2531 
3512 2869 8449 6144 9719 6246 428 1965 8031 5075 981 3523 5838 9183 9253 6170 9049 4112 2326 9432 1048 408 3818 3129 4545 9685 4638 5935 9138 1897 8815 6947 8386 1047 2937 1723 6489 5752 9999 5179 5103 9332 1999 7176 3030 4082 8327 221 9655 467 7361 1269 5370 272 2496 1573 1519 6284 4473 4833 4218 6407 2226 1180 8402 3607 3357 4821 5845 9777 4427 4471 9322 4640 8640 4195 9536 3374 7660 2561 3218 3635 5309 7153 3722 2365 6935 845 5241 2511 2656 4993 9725 9654 851 9650 4624 241 4140 3109 
2371 1674 6155 9123 7836 7694 5968 8953 8323 8086 1684 9538 718 2060 5 208 1593 535 8039 7174 7378 1776 5572 2595 7565 5844 3219 8028 7751 5360 3822 9444 6574 455 5783 541 7308 8402 6031 2405 4136 2707 3085 3620 1799 4093 7241 1721 8476 9942 4532 912 7607 7472 6482 4541 6869 2762 1190 8308 9725 1366 9913 8983 6603 3896 9078 2156 9994 9136 1565 4289 6232 6521 2530 5208 925 4351 1576 9264 2243 5596 6657 9793 2323 345 130 5628 3385 7518 1421 4388 1720 3652 2587 5204 3517 9175 7355 3255 
3909 6868 4538 700 6412 2955 2358 5812 7103 7503 7172 8694 9879 413 1195 2279 6037 797 9761 7054 5814 160 3046 8802 2149 4154 800 8843 3850 1763 7335 3547 5661 6848 9534 1988 5652 1661 7722 9503 2284 5881 1516 4986 7043 4585 4818 4575 5317 8720 4230 4157 8464 4181 8595 2424 5984 3280 4168 4540 7296 5617 7782 115 5298 5334 7126 5411 3713 1544 8685 8665 7424 5263 9962 7499 1022 4496 6754 823 132 5593 911 5865 203 5426 8825 8582 3277 106 436 7053 507 8122 2735 1261 4489 9525 4367 9994 
2847 7534 6267 7849 6996 94 4103 6247 9016 3425 5605 9217 4829 9944 3501 1585 8496 823 230 4999 9214 2377 3815 9259 168 218 1593 7779 3036 1284 6236 4221 6720 7280 8803 2047 3384 4946 6104 6203 8811 2886 1232 6562 4072 821 3811 8093 5416 2785 3042 7928 6899 3679 1454 9243 7524 7897 9319 8917 7086 6465 3856 4192 1728 3887 8644 3275 4812 8756 5497 1455 8564 7734 8122 303 3172 6918 5894 8968 4784 2742 5523 4480 9721 8771 4708 6646 5166 2938 3834 4068 7048 7774 7497 3665 9346 6363 8294 8029 
5916 4280 485 2810 6487 3964 2654 9375 6423 7868 2713 2238 8518 5214 3389 7317 2871 4420 3490 6731 3023 6153 9450 5108 7989 8247 3314 7519 3766 6336 2385 1421 6550 9834 3928 8857 3502 8134 6000 9914 7177 8292 6755 3306 2530 9985 1594 7548 3121 4334 7121 7901 7326 3396 342 5135 9494 6464 9686 5139 5265 8148 2624 6820 2718 769 6592 811 1122 1915 6837 8318 4819 8899 6592 9590 9648 6490 6702 936 470 5290 2271 8260 1652 6441 1899 7752 6410 8662 4844 4395 6842 2868 3400 962 2761 7883 7325 510 
8712 6194 6345 9951 7299 7920 6608 1826 2190 2231 390 2983 6091 8614 3430 2103 8692 9343 4296 6568 1891 5151 3417 9061 3450 6779 3485 5659 8927 6072 4719 2144 3222 1637 1426 1315 7341 3966 1320 8915 5689 6305 5176 1620 1509 1025 8677 3827 7621 2213 1531 1287 3336 5629 2528 8704 7321 9730 5739 3364 4843 1852 6231 6309 2067 5887 6468 6910 4464 74 3667 9602 1878 3104 6978 5622 6617 9650 7846 1328 9510 1683 8721 3642 8152 5080 2907 8957 6349 2167 6276 7692 890 4459 2398 7098 7648 8513 3531 9312 
8550 1209 9185 4710 2367 5389 9631 3707 9622 4804 9448 4487 2558 6855 6974 9330 6493 1166 4359 6083 1959 6864 4405 4435 3957 7312 1025 1194 9378 1943 3174 7605 7892 8320 8258 6742 4805 2985 5723 2053 3332 1542 3192 6995 9662 4209 5588 7771 5279 1563 2031 4571 323 7661 9607 1383 1513 4304 9837 7186 921 3458 7328 7036 8050 9519 4589 106 8547 9556 5439 1670 4459 102 12 3131 1081 2537 3714 1065 124 4321 8542 4684 1554 1752 2077 5576 4090 8805 2642 4349 7174 8359 9079 5406 2608 7903 6537 9771 
4113 9045 9515 2743 7454 8358 710 7310 8442 8151 8592 9303 7146 9276 2662 3545 6033 2077 9764 3472 8661 4099 1811 9126 535 8025 5918 2386 4164 6794 7021 6795 3568 224 5797 2058 8156 3140 1058 2401 693 7731 1520 4234 7538 1858 9750 3937 9875 6360 8616 3330 8637 4906 3290 5994 3326 8334 9533 9377 2503 6056 9642 9393 3100 97 3985 577 5145 4132 6347 2551 2838 9641 7725 713 6428 6008 8291 9160 7020 1115 4595 3183 1855 7172 4825 5735 8453 387 537 7360 5133 6174 6922 1910 3075 9973 7175 4147 
2064 7124 265 6429 8828 3285 7862 1961 3396 6155 8410 6903 5181 1316 2267 9417 6771 6844 6687 1647 188 9715 3428 7421 2423 2572 5311 542 711 7328 5306 1903 3949 565 7257 1314 4283 77 1813 2521 5181 6596 4201 936 588 7236 4693 7615 8290 8641 36 8078 3758 4767 5425 9514 6049 8034 3681 9679 9348 6655 9988 2798 7497 402 7691 249 2262 4890 105 7587 1674 4187 1032 9101 4846 2478 7820 995 741 4616 545 9663 8844 4556 7112 1308 9158 6325 7625 2598 7884 2317 6505 8691 9007 4113 2337 7477 
7199 4303 3173 9264 5524 4130 4659 2100 8713 2859 7466 6458 6309 499 1534 2376 6548 3424 5694 2031 8986 9076 7223 8769 5831 8416 8306 4699 8607 1660 913 2379 8776 9702 696 1371 4068 8546 4328 9517 3156 2005 2360 9754 7843 3927 4138 9145 8945 2098 1913 6934 1077 2924 8792 3765 1616 9635 5993 2318 2719 6784 5051 1508 315 6403 4446 9294 6459 3112 627 8737 8133 432 5977 7391 2605 9411 443 3680 1341 8384 3044 4420 1304 1573 5118 8518 181 1209 8862 515 9886 7826 2070 2779 3452 3797 2376 7985 
828 1137 4460 8800 597 2432 6430 8245 2235 4272 40 8180 2467 2430 8022 1574 6849 6328 6242 7961 8459 4445 995 3519 7560 5153 9943 3238 1196 9028 6507 2825 1843 502 8292 4290 4903 7492 5706 8691 2687 7131 9566 8866 5027 2321 9219 5435 4960 5986 1850 1153 8751 549 9456 8145 1287 9663 7636 2065 789 6395 7541 7277 5913 8190 2502 4743 5621 236 8340 5495 2240 9759 8281 6830 671 8688 8958 6053 6630 400 4705 4342 5941 7365 5323 666 8221 6552 9725 5577 9729 5064 9996 5737 6875 4572 8876 2157 
8741 5837 9968 9307 5512 3715 9472 1798 8169 4928 6022 1971 5394 2447 2803 4010 5628 4985 5601 5334 1411 469 5362 8268 6940 8829 6119 4621 4995 544 7876 6828 1997 3827 9214 1403 2045 6322 4723 5861 2438 9698 4990 4482 5249 4884 6779 7460 7674 8973 4195 332 2518 9021 6373 4459 5462 8989 3910 8811 2950 5873 9621 5421 5350 5620 3603 8705 1955 930 8549 7774 3400 4431 8511 19 8589 7763 6887 4687 7829 9528 2880 6133 9811 3710 8759 3091 9908 9098 242 19 2840 7550 4923 1661 8955 4804 9065 7292 
869 1261 5213 8400 5302 5844 8946 5943 5874 9843 3313 2926 6580 6280 4156 3215 6452 7082 1698 8538 2645 8618 4591 518 7544 714 6329 6788 7948 4469 2964 1748 1544 3437 3133 1298 6322 6009 4016 8245 9039 6774 307 8590 2796 4194 9173 7214 9459 3986 1136 846 6034 7087 1287 9150 2668 6040 4897 3767 2683 2330 2303 6514 4045 9652 7203 587 5405 8497 4842 1170 3611 4054 9687 7806 9315 5936 8401 258 8070 4818 3332 5243 6645 2028 406 549 2910 7958 7466 4893 8811 6584 5779 6022 2830 7154 2927 4509 
3168 2 7437 6707 2851 712 5242 4309 9136 7796 2948 907 5798 3587 7917 1923 7134 9076 5142 3363 2854 6898 9963 1079 6172 5953 9780 6977 5338 9038 6330 6629 2291 2365 684 4126 6821 5991 1416 7725 2138 6946 8808 3298 5303 3628 2678 6277 5138 184 8570 7942 6504 3643 2631 7811 3530 880 5500 1366 9876 9081 9943 6606 8863 878 1967 368 6465 4234 6847 810 4038 5219 400 7903 5822 7205 5137 3020 2971 7359 3688 7590 2032 6040 8997 9371 6612 6309 6753 4332 3690 4960 3210 9977 9254 1772 5217 7413 
4672 1242 5061 3594 8979 1438 7141 3303 2043 3886 1626 4478 8918 7654 7126 1676 7531 4137 2114 498 3523 4817 1007 8754 1405 6458 1933 4654 4635 989 9950 8190 5703 8147 9657 6780 8426 8157 749 2495 7736 7531 6128 2043 8620 4852 3718 0 4278 2104 6200 3220 6234 2548 5742 6987 700 273 218 9402 3669 1992 9053 3134 1325 3510 2731 7061 9891 1365 3241 2270 6327 4914 1481 3966 3082 7966 1468 5114 3755 2486 5564 8010 2452 1691 6800 960 198 1708 6915 3465 3861 8135 7787 7322 3373 842 930 7232 
7787 5666 4285 9284 9195 3364 5560 8763 6745 1498 496 6897 7109 7102 5782 5550 6835 4880 4672 5647 8591 4890 5155 9049 2820 9557 1067 1156 7393 5828 3010 513 9671 3914 4369 8373 4753 3581 8458 1580 3365 5239 6462 137 6501 7579 1887 2200 7851 1385 3690 8432 3044 8129 738 524 9127 5642 6704 9027 1465 1237 8779 1474 9783 8470 3920 9237 4539 8995 6243 3986 4219 5767 7492 9971 2951 3251 8291 9351 6449 2128 4100 7885 7917 8728 357 3481 6379 8637 7368 46 8695 150 8995 227 5961 7490 6446 6900 
3279 124 6637 9912 3009 2154 1852 5933 9562 1557 2001 9925 7485 289 8802 2473 9133 5513 8168 5100 3616 3156 3981 5319 4199 9001 8080 3072 4725 6650 5581 681 1642 7112 7288 6798 3720 3339 3858 404 457 435 7453 7856 6115 3625 3199 6633 8675 597 8817 9233 4348 241 1979 7947 5637 1226 3000 9027 2334 3904 8149 8749 9974 7507 1268 7274 9450 5575 2645 4141 2570 6306 6989 7571 8184 7408 6149 1569 601 372 2369 354 197 7869 9961 6821 1323 9567 4714 5077 6946 1648 7359 7950 6681 4313 6771 2342 
4736 4974 1996 7735 3259 6403 212 1483 9276 4160 9327 6104 9835 9250 2524 2059 3989 7064 4532 154 7442 7511 9848 7882 2446 55 8012 5895 8312 763 4495 5211 8673 9190 6997 7577 633 764 6322 5696 8848 9027 827 9653 8501 7712 2663 7956 3192 1366 2930 9726 7940 9288 2619 4343 9253 9268 3419 4794 2031 3616 7288 8109 8182 1642 4475 1577 1121 7498 2074 9130 9749 6003 1975 8902 2318 8945 5352 8605 9176 5052 6751 7986 8586 2402 7408 1738 7801 35 6823 3571 2478 868 228 4070 6730 5637 7233 3317 
554 4233 645 3409 5554 607 9761 6929 5952 5220 8255 2290 6120 3500 2575 2150 530 4719 9199 1432 2362 5895 8513 1557 2169 978 5410 5146 2612 6824 4452 1190 4435 3139 6855 3302 4943 6607 9220 5475 1136 3190 7273 2 7077 3165 7229 1146 5229 7041 6746 4296 6074 9886 4052 4548 9154 6044 2686 1268 7905 2883 9681 9431 4114 3165 3676 7736 1401 4700 7772 885 2765 1693 3310 1239 668 4273 8368 2376 7074 50 1760 5160 7487 4522 490 4096 5014 669 6906 9902 1763 8534 6621 7340 5763 8117 1430 8810 
4654 3835 7175 51 8856 4205 9380 9204 8493 2968 2098 2016 3708 5281 8849 9957 3285 8409 5453 7502 3480 2741 2220 6490 8938 6394 9993 9046 313 2189 8306 9552 3910 4196 9344 4983 2091 1999 957 5910 9516 5603 1899 1229 2062 5910 9594 893 300 892 2971 7446 5447 745 9989 8247 2005 5496 5347 8504 1604 5334 8451 3323 7874 762 7470 8938 465 6328 9895 7654 3385 5572 4509 6964 5002 1552 7402 3686 4437 6506 3988 6951 9454 7276 8569 7351 3367 4242 4241 7321 1964 3220 682 5760 8729 2734 6633 5970 
633 8143 9289 2897 2302 5483 1217 8197 9453 2985 1735 2514 4460 6647 2923 2531 6141 4516 6785 6385 2760 8163 624 4764 2245 7778 2377 540 7999 2698 7875 4875 1915 3484 3196 4994 7413 5351 2485 7947 354 9964 7339 7127 9093 7959 7536 5715 7483 2466 7975 5133 1577 588 6166 3216 3447 9973 4929 8813 671 4869 963 1263 7553 4384 1488 1871 5960 3716 691 797 7025 4139 2986 4704 1660 5212 1663 1842 1082 6622 2065 9881 2538 2314 245 2668 1432 505 7918 8607 1818 9110 8539 2732 1233 7280 285 3702 
758 1329 9352 8788 1758 6791 7045 214 2198 7668 4786 9988 1800 2020 3843 2873 1472 456 3758 4275 5026 2425 2870 6413 6065 7222 8769 7178 576 1048 2977 6675 1791 9916 6477 7571 1198 113 1072 8442 4919 8799 70 8862 1641 8948 3268 8802 9367 9397 8819 5736 7674 6073 7215 2341 811 6253 7451 4156 2145 4971 7315 4970 9672 2231 6272 5365 8199 9018 3115 6597 3295 536 155 5991 1835 8007 5133 9978 8831 5454 5428 4729 5224 8176 1809 3931 5553 5832 6846 9605 1660 7494 3927 8990 390 6299 8211 2414 
8966 7743 8689 3240 6888 8539 258 2202 503 3074 7554 4014 7880 8950 3210 8901 5108 6914 2917 6397 8238 588 1613 2183 7737 9 4446 7318 5639 3983 3199 685 671 5840 5237 7338 9960 7104 8528 7718 1209 1415 4391 3541 6857 602 8039 3722 3253 7380 896 9136 390 5258 3544 8629 167 397 2607 6299 9090 4325 7298 38 6650 2574 8768 4999 1270 3468 9549 5754 1833 3250 8181 9838 8523 484 5165 5977 175 8540 3287 951 4428 8089 6384 9576 4265 1394 2794 4792 4678 2877 5548 3473 7075 2417 7956 6419 
9145 3447 229 3041 9346 3297 7893 1485 7174 5503 2302 2705 1592 2968 7387 9530 6314 6500 6572 6460 9183 9848 5358 5100 9816 2751 4918 3528 5441 9753 8264 9908 419 9824 2577 3161 6310 8190 2959 7488 2739 349 8700 4759 908 9473 6810 1124 4368 9768 241 2105 5513 3462 4493 2567 8519 3564 8331 1211 5828 5065 733 7276 5759 8673 1195 3087 5062 9075 8027 1355 2203 1514 2001 5396 3589 5313 7641 2203 5573 1948 6834 8001 1906 2778 1507 6372 8188 2150 9430 7446 8905 2516 785 1619 9652 229 9581 8261 
2924 8468 7500 7588 4768 2651 1990 4794 1457 7287 4850 7226 7081 970 1828 3744 1882 3099 3921 959 1156 9069 7818 141 1425 7109 3897 387 3438 8571 7570 3820 2700 9999 581 8655 3817 1965 1803 3017 3964 4475 1756 4265 5682 5090 2880 9414 2338 499 7651 8833 4803 6213 6633 2732 645 7116 8455 4100 9257 1127 7222 1596 2698 3457 1276 241 9191 7596 1072 2191 6251 3111 4862 1909 7893 5073 7523 7546 5481 7890 6024 8842 8276 8064 6292 4152 1791 69 9102 2567 3904 5528 3088 6329 1467 8422 7014 183 
7046 1818 6454 3820 5039 6878 7473 6777 4711 1676 8870 5359 594 3787 565 3081 939 6547 3837 5018 6444 7844 1957 1301 7149 1822 9692 7680 3982 6403 185 8056 9830 5583 9322 1760 8400 1529 1134 9278 1233 8739 6963 9978 1447 5123 1500 6482 7489 6118 7088 8553 6938 9127 223 8119 3000 6729 5202 88 1847 9297 9084 1209 4766 1000 2290 1486 4146 3328 2621 6789 7341 2485 4226 4112 4038 4193 6851 1187 8560 83 2133 8137 3757 9153 480 9693 4187 1498 2324 1394 3594 2453 2946 3405 7337 615 3023 6835 
6473 8596 2462 6427 8668 8592 9911 3074 3724 8419 7997 3412 7633 1810 8932 278 5363 7366 1231 4986 4904 2187 8568 7497 4766 8791 8354 9639 7123 5775 7074 3001 777 4374 7356 3890 7807 3749 1120 2911 5182 1722 9055 6170 1629 8462 3346 118 5422 691 9093 8062 6889 3212 4703 3869 5575 3300 4568 2803 114 337 4070 2034 8332 3610 6169 2484 2080 2865 1182 5968 6093 6853 6092 6299 8959 8860 3052 8269 9054 3112 8459 771 7812 9459 626 1266 1493 4520 7382 2383 1824 6080 7909 9989 2293 2471 618 5205 
238 1575 7162 4017 1748 8826 9529 6273 7197 8323 7096 1610 8940 2050 5057 5714 2049 7085 8005 8304 3463 6221 758 7421 3688 3999 3818 3640 4761 795 3602 6186 3512 4981 7233 1887 4548 8830 9056 9362 1384 7311 4432 2238 960 7876 2791 3123 4246 1718 3931 1197 7209 9981 3293 5015 8250 1216 7825 7796 4313 4244 7491 2230 1768 7008 415 1456 3683 8308 6638 7706 2971 5648 2607 4715 3723 8306 6099 8917 8283 3656 4784 3852 5731 5012 9323 3413 2998 2581 7661 5052 5466 206 5134 6951 14 656 1237 3022 
2895 5744 9028 5705 6994 1659 4649 2753 7883 6869 437 2756 1440 967 3307 580 8149 5373 5804 9345 3497 5266 9176 613 4655 4017 568 6309 4592 7064 1016 1252 7946 1471 9952 8980 4050 6632 884 604 6309 4009 7775 5675 8946 5199 2759 5647 3864 9423 695 2505 7427 8769 5571 2485 2390 239 8644 5200 9442 2294 6330 9078 2972 3558 5376 8990 2859 4367 6876 7507 4640 7859 2657 5422 3394 7264 4170 5899 7172 2380 6117 9045 6543 2800 9997 856 642 9278 2886 3392 4458 944 1108 6348 9426 3617 5408 7089 
6274 6797 829 1664 264 3007 6454 9540 3248 9854 3184 7213 4307 578 3306 3679 6818 8354 9541 5790 1250 5650 9185 3492 7770 3087 5506 2116 2829 993 8680 5264 8824 6769 4756 2719 5949 6945 1546 3530 4447 8160 1930 3954 4670 6961 6495 2740 4288 4537 802 2431 9356 5352 5387 6345 7595 9825 9492 2872 7139 3330 4488 5940 9741 8664 1456 3773 7908 1398 213 2276 5823 3981 7384 6879 9965 5289 4287 8619 1624 7177 9694 4093 2940 2852 8317 4263 8289 417 5753 2903 3737 2937 493 9111 2747 3132 9961 7039 
2083 9774 2644 63 2336 1276 5205 411 3112 8776 7667 7788 1329 6924 3963 7727 3773 5493 2501 6807 9385 2779 897 574 9967 5055 1299 238 9468 701 7799 1685 4269 6969 4560 5196 7540 7745 286 6338 1989 4265 9944 241 7853 4973 1004 7899 5972 4507 677 1059 6664 8658 2674 8405 2191 9514 3842 4076 1561 8431 7530 884 9058 4712 6857 5817 6864 628 3655 1297 1205 107 3489 4065 3637 6500 2532 4747 7539 4135 7403 7057 8167 7797 1128 735 5679 2212 3969 15 9002 3383 4196 5405 8539 925 8957 3026 
2367 3082 4820 9223 908 6063 7306 639 2842 4640 1494 8340 7429 2768 9377 2649 1631 5965 2437 6353 6616 6039 5071 6254 2897 4349 7135 808 8502 2339 1096 9798 4040 4094 6088 6760 5634 3341 3877 7183 2978 8420 5259 6268 1170 5949 8609 9053 8451 5487 3404 9445 1152 6863 1201 6563 7632 2397 3198 1109 6555 5595 1951 4517 8677 7970 3150 3265 6396 7979 9018 1490 9208 899 4613 5919 2560 2130 2463 9308 9718 4981 7729 6951 1121 2494 7569 2133 9243 3718 7840 3044 9973 3473 8364 3558 3249 1699 7153 1247 
8894 2131 4773 1662 3637 4991 6785 2309 9852 4838 6609 6932 7223 5363 5444 1024 2622 826 3657 8161 37 1074 3992 1740 6676 8878 1904 702 2245 2035 6039 8103 3751 6900 2807 6440 4133 4446 7807 4715 4297 6488 3650 2022 6362 3666 754 5610 8809 7966 321 59 2087 5375 7907 560 1588 4140 7353 1208 2211 4694 3250 6028 1067 8200 9660 1669 8581 6082 8895 7146 1161 2498 2832 6359 5942 597 9631 8066 1234 4516 2370 5162 6698 2059 9981 1740 2961 3593 3557 8189 2878 9940 1547 9825 9708 501 9047 2144 
9310 9665 2187 2946 2647 4257 5123 4768 5776 6111 5236 9907 6225 7994 93 2307 7957 7688 3058 8275 4459 9715 3887 2813 8981 9270 4701 5483 4362 3760 7743 535 4445 4904 8885 9422 6133 1507 1144 5570 8209 4163 1911 8157 5654 5467 5465 1332 2225 6087 3474 6538 246 5706 7801 7604 2930 687 1571 807 710 5927 855 52 8409 5758 4351 7146 9332 9437 7195 5071 2417 3290 8494 2662 3289 6593 3499 1275 687 9369 4786 3358 705 693 7213 5732 8191 7017 2837 9355 396 4213 5929 4524 8337 6937 116 7931 
3218 2252 875 2869 5213 3778 5006 3700 1653 4068 5317 6679 4243 3263 4199 6959 6390 341 6586 5958 4153 5260 9143 3504 6623 9856 8991 2739 8455 2337 3422 1860 3675 1108 5642 832 7497 7650 2739 6676 2355 1092 964 7542 3440 2814 8007 8034 1293 7142 3564 6231 1130 9133 8501 2353 2818 9412 9284 5444 4087 4697 3664 4485 2126 8529 642 975 9611 3289 9099 319 1753 3500 8947 1197 2570 2796 5899 6407 912 8323 6669 7711 2689 9904 6046 1316 3678 6191 1421 7763 3684 4067 2740 157 8090 5148 8417 5718 
2558 3277 3899 3712 4433 7668 4816 5074 3244 9789 6165 1217 6929 752 1071 540 9351 5077 8531 544 6540 4879 8662 2217 7014 9952 620 3159 3274 974 1559 8140 4746 5292 5411 3656 7827 9657 3387 8565 469 9406 6524 4159 889 9887 7868 7055 3638 6902 4399 2556 6668 3419 7079 1663 8824 9583 8687 62 1458 8703 5632 3376 9518 1626 1435 4798 6728 8868 911 4589 8397 4944 3011 6034 6734 6183 3802 5003 3368 5259 1660 9114 1956 8110 6417 9368 18 2809 2949 4723 629 3279 765 3160 8939 4353 4705 3071 
749 3043 6771 4153 6422 7700 5087 6091 332 9052 8927 3070 3850 6398 7885 6463 7548 5353 9103 4415 1135 3889 3384 3683 2448 6328 5226 5734 1647 2289 8065 5786 7796 6392 3351 4012 2149 5085 3271 4195 1102 4345 8520 691 9873 3673 1669 3492 1164 7546 7967 9396 5586 6703 4207 4336 9544 5113 7852 3087 6811 4129 3298 3357 7685 6859 6941 9595 9543 953 6535 1910 9802 8747 9349 1335 4741 5908 4556 1032 7068 2468 2568 2376 7526 6545 5570 737 5977 622 9233 8598 636 8891 3325 8458 9178 4592 953 7363 
1197 4082 1070 9237 8362 9799 1117 1135 5359 3139 3375 9994 6069 3045 3707 320 8523 266 3795 7174 2758 1055 3082 7152 9306 8345 4196 8955 6305 3055 4163 7003 3777 8032 1310 7983 8426 3810 2599 7574 9582 5032 2351 4060 6070 3412 7012 8060 9336 8721 9295 5791 914 2454 7051 1849 6106 5124 2165 6196 7802 941 7991 7388 741 3138 7580 3900 8972 5039 8571 6599 9288 6413 3530 2216 9167 2970 7236 4029 8364 5978 6073 9217 5645 297 7406 3745 5730 5117 85 4302 7645 5123 8203 7449 3505 1474 2931 1305 
9234 6456 246 3682 1653 500 9318 1825 3766 8341 4808 2833 223 5084 5676 5267 1247 4288 9689 9701 9883 6656 3272 260 3623 7925 7908 8269 6913 4905 261 9614 796 7745 456 6525 1408 5683 5846 5673 1129 3562 6135 7061 1069 907 336 8072 4956 9509 911 8398 5812 6714 4264 3766 3278 5627 7318 3869 2759 6468 6516 383 7745 7018 509 2135 8538 5548 6662 7312 1816 4294 6191 3762 8488 3372 815 731 9623 1873 1238 7904 5425 1760 4341 2890 3945 9670 2061 700 7446 8870 3247 9504 1962 3745 6113 2711 
6007 6917 1082 2315 4121 1236 447 2376 6012 2242 5214 4876 198 2216 2691 5951 2768 3733 6874 6695 936 4999 8439 3551 7529 1166 583 6879 5671 5706 9116 6846 9885 2488 2173 5681 6519 8716 685 845 8662 367 1748 8101 149 4030 8163 167 8415 5175 6180 3515 2658 9031 6434 2824 486 7891 471 3636 9253 5150 878 4530 2953 7997 9948 8350 2320 7656 6444 6060 3804 5408 7019 3018 9256 1333 7392 5858 3839 7426 8671 5883 9963 3820 928 3370 1890 46 9855 615 7221 9884 3240 3474 5310 6982 3831 5595 
3363 6453 5383 7138 5189 3802 7771 2574 7756 7178 9429 1991 3724 5639 9711 1786 5393 5869 5578 8146 462 1837 9377 1083 1646 179 7090 6469 9754 4189 2263 8318 6085 63 518 7358 2213 149 507 6122 5927 1975 4353 224 4441 2592 7825 5011 7633 8520 5166 8309 7519 5568 4620 3910 5563 9699 645 9829 5549 4378 5925 4227 3759 9474 6292 1478 9582 1220 545 4759 1357 845 3011 4985 1102 7503 4428 1462 216 2585 5147 2636 3382 8657 3687 5561 7970 3684 557 8315 3741 7169 9352 4334 44 8653 8482 1354 
7350 3430 1260 296 7150 1054 1258 98 9162 1204 7944 3010 5015 7245 1433 9325 2932 2642 3489 8170 9638 6929 2121 7114 8728 6099 944 9210 7732 1685 6808 4618 8337 4807 2902 5592 7886 5306 9580 2061 6323 6921 7093 4851 4312 4587 1124 8470 5662 6512 9564 6550 7599 7921 9913 6987 9663 2507 4225 5140 198 9661 7196 9187 9686 4182 8942 7008 911 2665 9519 8483 3346 2617 3078 8651 6691 6086 356 9078 5862 8176 7849 8615 746 1367 1025 3768 8584 2033 3423 2476 5159 6967 4108 8135 4923 6668 7425 2956 
