621 99 586 547 210 265 7 482 843 151 805 830 136 310 162 891 49 95 777 171 652 901 252 501 508 704 65 524 66 413 
402 321 895 732 742 653 545 67 783 731 296 200 7 490 140 667 734 186 395 692 360 429 709 170 209 766 625 160 401 327 
693 758 113 903 496 0 82 733 756 430 72 540 478 432 303 271 725 880 132 668 769 834 155 497 874 11 843 707 26 7 
525 719 559 841 329 851 520 202 614 878 462 368 137 418 124 265 437 329 254 276 123 584 409 220 532 6 379 344 115 470 
167 216 736 711 738 532 643 602 213 202 616 522 752 132 666 263 599 182 389 500 214 489 50 79 363 771 855 574 349 92 
73 361 686 903 357 54 466 771 323 713 431 182 522 836 666 606 453 324 536 698 650 391 46 432 745 709 662 17 671 232 
90 588 681 730 244 798 860 355 825 361 703 562 225 785 695 575 2 95 773 101 535 571 263 701 583 782 118 386 4 312 
176 630 94 695 830 259 672 93 259 798 58 98 524 787 417 828 255 77 892 707 298 668 735 428 806 246 433 260 622 211 
579 17 375 223 27 591 731 116 322 599 663 130 508 99 310 617 647 481 683 672 882 416 583 13 197 786 231 892 309 202 
588 814 897 802 119 435 616 479 50 380 461 774 22 477 97 281 372 271 558 28 778 640 443 500 508 803 526 790 490 518 
89 513 215 562 97 581 353 139 797 648 28 351 223 487 117 34 98 368 885 801 267 136 794 652 823 621 360 95 662 905 
624 463 655 22 653 890 463 472 876 207 3 609 254 457 536 559 865 104 224 506 410 330 738 417 108 544 108 884 709 64 
845 328 227 421 694 793 728 312 72 397 432 729 660 828 657 715 831 813 635 389 154 196 224 116 547 595 710 799 310 352 
139 488 874 459 539 713 316 198 434 499 338 859 589 674 682 517 290 391 895 365 224 720 853 619 776 364 644 901 124 856 
507 33 186 609 243 354 721 706 458 235 30 869 297 250 897 150 43 598 78 224 565 525 213 825 411 898 867 317 204 17 
19 433 246 465 578 762 356 849 279 377 531 543 703 887 776 745 185 316 647 357 89 12 387 528 223 304 360 782 557 836 
705 796 198 222 870 574 393 796 532 34 208 621 267 295 57 837 193 44 384 627 284 12 700 718 284 860 362 479 827 580 
527 104 373 618 410 203 816 637 26 391 466 194 304 508 118 803 541 24 389 110 451 567 822 416 20 300 559 348 711 726 
708 11 139 891 350 521 299 271 111 161 636 555 841 105 211 619 712 496 230 617 197 611 899 184 256 348 460 824 688 149 
832 550 146 898 839 422 427 396 375 571 458 726 237 531 391 138 126 403 817 537 521 464 573 41 524 864 870 578 170 802 
382 455 870 888 244 162 826 730 245 228 804 630 669 326 561 389 109 672 643 314 311 679 226 875 620 57 875 255 265 143 
406 885 317 243 405 714 461 904 768 557 286 168 358 604 772 384 498 365 348 764 106 334 487 147 308 889 52 813 831 360 
486 363 189 361 312 828 77 384 593 144 598 810 220 120 584 586 199 398 719 297 275 27 397 366 209 763 278 354 276 338 
53 839 783 644 49 448 518 0 407 780 800 303 187 853 93 188 756 374 564 549 103 495 482 730 342 55 63 22 552 592 
522 604 746 314 419 75 333 555 87 282 881 752 373 353 514 877 656 681 480 167 252 710 494 520 533 489 34 801 791 695 
44 369 185 872 255 850 67 817 391 283 750 479 738 781 334 680 470 17 233 261 743 369 294 898 623 461 46 367 864 822 
876 256 502 794 284 678 488 50 845 89 349 436 112 152 431 442 607 786 531 843 387 82 451 823 92 852 200 450 611 820 
864 518 612 606 36 16 703 263 798 21 348 8 102 703 526 404 630 417 223 865 330 147 836 602 531 800 133 361 896 98 
614 420 206 518 513 689 808 632 577 287 286 853 303 781 104 154 696 727 117 117 601 165 625 46 57 589 358 711 190 481 
180 630 893 709 252 656 202 78 836 330 800 669 585 22 323 28 345 342 23 221 245 779 343 75 623 475 11 660 816 447 
