511 899 262 121 306 902 766 303 720 425 782 421 410 518 759 855 216 89 469 415 484 510 572 834 891 434 165 780 221 657 
292 518 241 35 555 192 258 398 144 894 845 825 22 18 894 341 872 604 716 49 100 393 734 43 110 826 338 372 407 763 
852 148 252 71 585 776 332 599 748 118 128 485 149 357 824 423 657 873 774 823 521 809 774 861 827 491 325 899 764 673 
269 843 247 752 573 476 245 525 364 840 81 328 476 659 417 278 367 716 520 392 830 46 417 648 370 851 879 369 598 665 
766 627 746 218 704 592 769 263 510 442 4 580 860 389 253 683 37 588 584 49 839 628 685 788 592 224 428 739 282 298 
40 475 746 370 49 208 787 260 417 489 806 537 495 847 558 560 834 109 599 599 547 25 376 699 392 653 328 182 403 358 
61 692 309 685 379 529 365 185 691 418 32 535 355 446 653 455 77 97 578 469 473 373 635 116 789 624 69 240 13 24 
665 134 649 624 101 398 786 101 15 688 769 567 797 860 45 485 180 653 617 527 316 643 435 191 814 345 385 533 895 192 
131 252 361 547 763 8 773 481 785 756 189 755 93 859 160 110 681 545 517 476 356 889 746 283 252 217 320 494 400 86 
722 560 77 780 443 535 8 848 108 699 638 605 305 361 628 22 335 443 9 259 822 35 78 702 492 735 703 884 41 495 
842 701 624 531 898 497 202 180 349 309 416 559 488 529 771 880 705 460 675 315 120 367 392 679 187 42 695 3 339 427 
511 235 531 2 579 692 15 465 73 388 823 895 826 562 585 707 729 351 652 313 766 17 182 738 379 692 755 356 588 646 
84 517 196 637 145 847 371 806 373 861 476 887 200 215 155 377 651 903 118 313 615 570 780 656 433 180 343 336 749 80 
291 425 215 483 292 264 327 136 530 482 623 11 485 31 601 265 13 291 810 731 899 416 286 706 727 560 450 181 179 372 
796 243 790 135 712 767 97 744 333 66 560 436 352 359 361 682 535 534 826 693 392 444 699 221 534 258 341 316 662 554 
603 18 333 557 25 647 20 606 503 399 853 748 705 138 11 309 572 504 748 110 187 61 564 352 681 580 655 807 861 901 
833 327 248 660 154 558 141 403 71 337 222 58 733 376 166 478 577 172 218 226 893 720 578 32 594 472 324 39 191 117 
605 102 263 395 289 277 305 40 42 235 38 165 439 725 410 188 166 3 793 293 138 654 441 389 670 154 211 397 747 880 
28 290 259 257 219 419 379 850 652 548 303 537 588 723 600 769 494 283 419 399 786 680 208 151 621 524 445 413 738 195 
558 482 516 329 498 213 205 440 190 733 636 713 429 616 290 224 812 516 16 887 198 550 393 860 331 345 383 428 823 466 
371 44 722 535 355 590 568 752 727 194 367 343 705 156 806 225 35 613 515 672 404 48 547 505 359 847 882 153 46 881 
215 508 660 253 671 527 183 863 470 719 736 545 904 512 587 896 21 836 177 475 382 295 544 109 14 844 699 374 312 33 
398 343 486 887 791 893 138 850 586 809 72 347 734 321 114 602 316 114 616 460 504 12 753 134 599 204 521 616 613 420 
294 259 782 309 585 172 29 90 709 60 640 337 704 443 197 723 887 97 828 602 199 425 853 402 655 324 325 468 127 853 
202 283 660 44 148 208 804 834 469 398 282 511 320 729 108 412 329 425 713 80 606 122 355 242 22 273 88 157 134 45 
183 762 200 774 124 280 550 388 454 202 786 175 838 578 737 216 195 667 541 353 610 440 348 840 132 517 438 591 472 817 
255 623 438 840 81 274 897 378 309 24 775 138 606 675 187 4 353 316 471 280 899 602 269 137 774 768 437 882 496 85 
28 4 282 130 614 627 397 486 296 338 412 683 460 717 353 294 680 265 131 164 429 279 120 808 335 486 160 510 219 691 
903 71 638 52 194 148 357 206 595 785 405 602 755 691 777 96 682 127 20 197 304 169 525 225 452 414 490 581 585 16 
596 780 395 634 308 452 493 401 597 218 838 633 499 858 399 856 200 692 88 505 121 898 141 658 277 438 354 809 546 204 
