454 1560 2001 2505 2177 706 1309 1563 156 1814 1821 1110 694 1745 986 57 76 77 1565 1508 1739 205 1438 1099 1232 1307 2076 2351 1843 748 45 1551 2114 604 89 2492 2410 559 2029 2047 1759 2206 1919 55 1083 968 1745 1340 562 1679 
679 2198 1823 2075 1365 569 2066 1358 632 419 1880 2473 2110 1606 1384 1458 1176 633 770 288 1674 1876 445 1147 277 1959 2403 2245 409 400 985 1489 1336 1258 1755 860 31 1087 886 1893 440 691 671 625 194 2131 749 1556 1920 1716 
1088 230 98 385 896 713 1176 1774 1812 585 1391 1771 1932 351 2296 2461 2025 843 2215 1833 1809 2331 2248 1081 1721 2487 559 307 315 2321 2044 1286 1806 2059 2246 2474 576 872 8 136 2119 1664 286 2003 1719 103 852 1119 1742 2222 
1115 1926 2089 1249 484 1398 2452 2026 1296 640 856 818 367 1065 527 453 833 2236 2198 341 986 2387 2146 664 1490 1719 385 2256 1857 1753 322 706 2323 509 2244 290 1461 699 188 2143 2224 2104 2277 698 973 2321 343 846 2081 825 
1741 129 2085 1940 2012 951 193 323 1087 2002 2108 1182 2184 578 551 750 2331 1122 1484 2254 1688 77 536 1337 2195 504 1884 1674 508 428 626 679 2178 2172 63 761 229 1770 2379 148 1630 2082 1010 201 2436 217 793 2139 335 2344 
400 712 1158 2094 449 2494 2452 1650 2219 2174 2152 738 2302 173 135 376 1302 729 1000 1850 443 2127 1927 1108 2184 59 2421 2415 1370 835 2037 1953 2326 2457 954 575 316 1159 2076 1798 1147 732 1356 1580 1549 1458 1799 239 132 1677 
1147 1738 519 2288 2391 1902 681 2450 1268 307 1295 499 763 402 1223 1297 1616 378 1530 2462 1443 2290 1917 1000 663 2289 2106 1140 1738 806 1905 2073 1194 708 1110 1061 1491 1392 557 2202 1003 1241 680 876 1772 807 2007 2479 2369 1652 
2498 1309 1154 384 2406 63 1114 2448 245 508 1766 1344 1716 718 65 1532 1182 1541 1531 2302 18 206 1342 1229 1073 2204 685 1450 2062 1239 913 533 2418 961 1145 1865 1796 1093 947 82 190 860 1533 2158 647 667 2309 2102 933 2039 
84 614 929 2385 750 1235 1455 1309 352 323 2496 1517 1375 558 1052 1221 1599 2244 30 450 1948 395 429 184 1508 154 1316 569 684 717 739 1183 108 1610 2110 927 2357 1486 1986 1221 2474 918 1987 1533 959 292 1592 2362 859 1848 
1221 2437 1539 329 2361 1680 1575 1110 2094 139 1222 1844 693 2367 566 90 2012 1304 2155 1794 996 758 2127 760 2336 2316 456 1412 128 475 2095 1628 783 434 994 2015 1920 468 1820 1921 663 303 1977 889 1832 1045 562 1044 1711 444 
1815 1329 518 945 788 543 353 2450 550 1184 682 1069 1969 248 450 649 2194 2397 547 1318 1730 616 1475 2372 2408 1146 1007 466 1488 1780 335 529 1562 1630 2060 1637 1735 1454 482 1259 1247 2402 2339 836 1241 1802 591 68 1199 2349 
1909 1757 1927 1839 291 856 615 341 921 1100 2461 1470 2129 805 561 2356 83 1790 2426 1504 1975 1413 225 2242 1600 556 1131 2236 709 311 1162 2107 2494 85 2280 1840 2495 1695 62 1713 69 763 229 1888 641 1549 501 1288 366 1696 
2223 1435 2334 152 477 1282 587 867 1416 630 881 2245 639 941 458 2352 1841 1139 933 1664 748 510 5 296 386 1364 821 2128 478 85 1811 2233 941 989 2056 2256 1855 611 1293 110 1068 1003 642 299 2302 746 2063 823 2309 1692 
306 2469 19 2191 755 929 1625 1901 352 283 1134 1080 1328 181 722 386 874 1136 610 1157 532 807 1520 793 69 530 1799 1355 1290 474 1289 1236 2267 1466 2468 89 992 1083 167 1832 1106 2188 1870 24 1081 92 1127 2145 1946 1510 
882 2007 767 1895 303 2302 2149 857 2473 141 1398 822 667 2104 1520 113 428 2009 16 946 1044 2347 1331 204 1748 744 1471 490 2076 1465 2040 1582 59 50 1434 185 1595 500 1230 1791 1123 1410 1863 1834 1270 1183 2495 2176 1951 1748 
1263 57 2423 2193 595 891 1610 1320 913 2057 2208 26 2460 1895 116 872 2065 2489 1934 1092 1715 619 1423 243 759 978 2390 432 2119 730 839 1261 2411 1068 573 352 437 2024 468 521 1233 377 353 1854 1302 718 1441 1755 1102 829 
968 1856 2500 1381 1372 2426 783 1422 2099 1662 177 947 603 13 681 104 2275 1208 222 85 1623 1648 512 1624 1404 1666 885 2216 449 122 2009 546 1985 1478 896 2050 1890 2469 1456 1684 1680 482 1922 1438 302 12 515 1901 268 680 
2157 758 630 97 1638 2018 46 2146 420 710 1493 34 1712 1714 649 623 1125 600 2491 1193 1262 913 281 666 2405 520 1493 2182 1967 182 541 2490 2403 733 1369 1549 115 1654 1103 2087 1959 2205 819 958 302 2124 1756 666 903 2188 
353 1908 87 1310 500 1344 865 625 1466 2230 545 576 411 848 62 263 303 1585 1776 1039 1363 1661 307 901 1457 1710 2303 796 71 1967 1351 2186 2063 1116 944 577 2015 620 133 587 2147 615 1183 628 1941 2476 2442 929 1193 1018 
1714 2351 1588 814 2397 1223 791 77 1510 1730 709 2178 127 1809 689 1650 741 1629 1881 725 2211 2191 604 77 2296 1430 346 2017 805 1922 429 604 906 1756 468 2318 530 542 1001 250 454 1475 2166 1700 1050 627 2170 2437 1202 1812 
497 2361 1942 1103 1386 60 177 2169 845 1232 242 1631 1060 2238 820 645 2325 1882 1215 1672 808 922 1167 2067 1591 1085 552 668 848 1003 20 1653 1536 2050 1901 1177 829 2424 83 1311 2129 1186 2420 329 1471 408 1940 603 848 761 
1385 2307 696 531 980 1376 51 676 1462 2277 2199 574 2337 1343 2264 1412 1482 2472 1254 1758 1706 2158 246 1173 1077 1783 1186 243 1411 232 1242 261 751 538 2051 703 1917 895 585 1703 2247 307 1160 765 376 1007 1455 97 1256 1248 
1072 2125 1491 2065 2130 2480 886 1415 446 1875 157 1983 957 2373 1468 915 1565 2106 1557 1613 2109 472 175 955 751 271 1223 2431 1447 607 2293 1255 1147 958 1549 1415 2250 1585 904 1993 34 1962 899 832 2133 1144 189 724 585 2105 
626 2425 1569 132 460 1361 2407 1922 1251 1826 1468 1490 199 490 2124 1048 1844 2035 1675 2388 2352 1454 1741 1189 1305 1669 555 606 726 178 101 2132 1246 1026 2238 2267 2245 816 1840 403 933 1987 1513 1749 2432 1328 910 1903 563 2242 
483 663 1420 2501 1341 2272 613 2172 1159 920 537 2157 2394 1346 1394 1733 46 981 585 434 681 1579 776 2055 821 240 819 1842 222 2317 796 1093 1948 292 1069 271 2166 618 972 2161 1380 929 2139 1215 2239 2229 2298 1343 2204 792 
879 1371 1106 498 451 891 796 2388 356 609 1976 1375 2493 1650 1190 2406 2135 1145 2438 480 204 1210 1233 999 233 199 2167 1328 1098 809 659 1441 1366 1682 2221 709 2356 1069 2242 1366 900 2246 340 1015 1884 2046 2058 2373 2218 671 
2201 2184 1541 2481 979 75 861 348 538 1383 327 55 295 1550 2444 953 2150 546 1688 134 1258 1072 692 1034 1951 2311 1178 1504 455 1243 1532 1107 815 1512 2055 1082 2113 1649 1367 749 247 1787 1102 277 1914 870 2407 1497 1383 721 
1989 631 2018 970 567 1655 664 732 1605 114 1121 1226 97 935 1919 665 285 940 1803 1336 1420 441 946 944 869 54 1078 1291 117 950 2446 537 984 1838 1014 447 1572 473 779 1026 701 2073 2226 2196 730 2485 1934 7 1552 891 
1869 2155 2043 871 319 556 17 768 2142 1574 385 1157 2449 1758 2378 2098 216 1913 968 335 2089 121 924 2115 1401 1969 1212 2240 242 491 1317 1778 1391 1627 2425 733 2254 1767 2375 1957 373 880 1839 1077 210 1458 238 775 1457 1594 
65 142 2240 2012 1645 2073 284 2074 1432 2052 2375 1892 2271 1209 1437 2284 1514 1130 1626 1343 2260 2168 546 2082 595 2358 2432 2144 794 1074 1658 1753 1294 1037 925 1799 1604 957 717 119 2005 379 1823 582 1129 2431 1783 2111 1769 2148 
1545 1974 1692 341 26 954 2079 2278 2131 946 1083 23 35 2356 2404 101 829 1250 981 471 570 1880 675 2236 2220 1094 71 437 1480 499 1263 1838 2001 2232 1173 324 536 1409 562 888 1020 1753 33 1482 2227 2500 1275 1478 1483 490 
1807 2187 2110 468 337 942 2115 2179 2369 2393 2227 1934 1092 1188 1222 825 837 780 1594 335 2432 285 1691 325 655 140 1793 146 1640 678 1363 65 811 57 1409 1772 2303 2014 1774 826 27 854 2009 1696 1613 1271 936 436 1075 1162 
1309 654 2110 2216 220 288 2138 1399 1385 967 474 2151 1732 115 1613 2169 357 822 1748 1031 1372 130 887 125 173 2226 2192 955 908 1359 479 2154 1290 319 821 701 2216 433 1349 1312 1462 229 706 376 2198 949 2389 2059 652 66 
1655 2268 1290 1820 1072 2335 1374 820 1702 1159 1964 1229 1468 1184 739 1928 1715 2418 1090 548 998 1359 1323 2136 1118 1160 2321 315 2127 461 1773 102 879 1807 124 172 746 1435 228 2452 1404 232 1935 858 1061 2123 1561 2040 1917 2100 
1562 1741 1104 2239 1827 774 1370 1618 85 195 265 782 1534 186 1325 2057 1981 2458 869 1045 568 419 902 1411 1881 1122 2189 1902 2158 579 1322 1633 190 347 2085 1726 1098 1863 183 940 2224 155 88 990 1515 2259 955 1382 2166 1034 
1284 1962 2299 499 2227 1452 305 2310 502 2338 1165 66 1331 974 43 2039 1603 2401 616 1038 0 699 1425 1236 1508 822 1181 2165 74 2017 389 842 1396 1541 207 664 733 2001 1491 1834 947 1403 2118 1544 1860 1700 1355 1722 1033 2366 
905 1795 999 1689 1915 1554 1526 2184 819 1345 846 2200 258 1574 2121 365 1818 2030 147 2134 2104 1854 2455 1213 1052 1398 1761 332 1536 1237 168 531 2229 646 1903 789 2189 1473 876 54 2090 545 2063 1042 726 1066 908 834 1623 746 
938 2410 1752 1100 2430 139 254 700 2270 524 2211 2383 923 12 1450 310 1630 945 1878 8 1902 1989 2097 1726 1301 1332 1787 2083 988 2080 390 620 1114 273 1121 941 262 1692 117 947 2167 325 1596 285 2331 382 187 627 196 56 
169 1505 1165 647 774 2296 585 2468 1476 853 717 1110 1902 539 395 583 1504 1749 1475 136 706 2394 1701 1057 890 1280 1477 1514 287 2483 1030 1564 1599 753 1590 1182 1385 1940 479 1459 880 1609 2132 795 385 918 518 1338 2339 1021 
1697 1768 1158 1561 818 1806 1189 1736 471 203 1720 1040 96 691 2258 2035 602 2146 1790 908 809 1253 2456 486 272 2318 2457 565 568 711 1671 1582 1871 1270 1648 1986 1564 989 1021 1832 1685 601 1178 767 695 1492 2259 1128 1493 774 
2473 2131 1866 1249 2424 1343 399 2037 148 1325 253 515 1358 763 1337 85 1456 2258 169 1289 720 866 1800 2502 2350 816 2321 1636 509 1339 2206 377 2051 1419 2085 923 1474 1749 875 1817 2423 42 1893 2033 115 1984 1528 2026 2256 1531 
85 1701 118 1913 883 1873 691 2396 695 1816 1742 585 546 1435 1118 867 1124 970 48 1300 1189 2130 933 1133 230 2429 703 1223 842 2376 68 1021 2317 1511 1611 940 1275 2376 724 439 1188 1367 379 2113 1192 2201 406 1952 293 1815 
407 2325 259 959 862 2366 269 2270 18 2213 680 2194 312 115 1454 1187 702 1362 1454 228 406 526 1376 1451 1193 472 1564 415 1611 818 1979 428 2229 2090 988 1505 2198 472 2241 324 1038 2042 2002 1592 1392 2264 1783 222 223 1342 
202 2428 1547 870 2388 924 123 1236 2107 2120 1931 2403 62 1659 107 1442 2182 83 2119 713 782 2284 1077 1694 756 24 2189 1094 625 133 1568 1442 271 1409 2453 399 1041 933 763 2266 247 1913 961 1106 220 1471 751 1495 334 500 
1201 1567 1772 1328 1282 61 287 524 2036 700 1821 1028 362 147 1526 889 1248 367 196 1087 1871 732 2 2094 29 5 791 1095 1908 2345 2382 238 1342 212 2394 1408 16 475 220 1191 135 1017 568 1418 2355 1502 216 864 1659 1002 
400 1927 880 2058 2500 253 1394 2118 1381 1046 1859 2134 1577 851 240 2102 746 1625 696 1321 1 346 1643 398 49 197 490 1065 2434 798 902 1617 972 1646 1968 2006 1120 1392 242 2111 1506 1200 109 37 2141 221 20 1832 2505 102 
1643 812 1895 153 208 937 860 587 1073 1997 423 638 65 2394 1090 318 925 2442 1645 1096 2141 382 1678 1803 2245 2022 1859 1220 561 1746 2445 1890 906 129 746 243 2411 720 282 1118 1095 2153 1088 2368 813 1266 143 1674 2379 2400 
10 1143 2457 453 2463 2108 2488 2497 2227 2382 1612 937 2168 1420 739 1534 1505 2274 1441 581 300 601 2216 337 2255 2038 2499 53 1174 1109 701 949 1593 1933 2421 1229 1396 1079 2345 1204 972 248 938 2278 2303 2208 1308 1374 170 1579 
986 1526 2320 1199 124 1414 1586 526 483 2487 480 1411 819 748 640 1002 1378 1901 759 276 991 2244 2324 155 425 1517 2376 1814 586 322 983 405 276 2455 381 976 2436 2032 2155 187 644 1911 1234 365 1615 1795 1937 472 910 1578 
887 1850 1311 1284 664 1465 1673 338 34 2400 440 235 2323 1017 1173 2015 1540 181 442 1175 452 1518 46 1446 2028 1799 533 1085 758 156 706 601 347 1499 782 452 1760 30 1738 1297 915 622 2169 1950 255 1034 1489 1125 1264 2495 
